Au+Au 15 GeV
------------------------
pT[GeV/c] d^2N/(2pi*pt*dpt*dy)[(GeV/c)^-2]   error(stat.)
ala  0-5%
0.304297 -0.285411 -0.224056
0.501172 0.246793 0.0208635
0.699609 0.226142 0.00927654
0.898535 0.158078 0.00690244
1.09775 0.11112 0.0047157
1.29717 0.0745431 0.00388753
1.49678 0.0421181 0.00167286
1.69639 0.0249122 0.00109942
1.89614 0.0121516 0.000403589
2.22412 0.00359342 0.000174515
2.72211 0.000567575 2.65849e-05
3.22083 6.96375e-05 7.97654e-06
3.71991 1.69651e-05 3.33538e-06
4.38232 1.08852e-06 4.04437e-07 
------------------------
ala  5-10%
0.304297 0.492203 0.184736
0.501172 0.211388 0.0193886
0.699609 0.186191 0.00915852
0.898438 0.144322 0.00655558
1.09766 0.0927301 0.00418959
1.29707 0.0594516 0.00365254
1.49668 0.0353645 0.00119174
1.69634 0.0196732 0.000619636
1.89609 0.009725 0.000313871
2.22363 0.00319056 8.40407e-05
2.72162 0.000439277 2.19891e-05
3.22028 6.855e-05 7.53229e-06
3.71936 3.4687e-06 2.09938e-06
4.38062 6.50863e-07 5.42212e-07 
------------------------
ala  10-20%
0.304297 0.505347 0.161857
0.501172 0.174547 0.0141822
0.699512 0.138888 0.00605471
0.898438 0.101013 0.00407021
1.09766 0.0702428 0.00238686
1.29707 0.0427106 0.00200182
1.49663 0.0259602 0.00101523
1.69629 0.0142506 0.000434981
1.896 0.0066873 0.000183442
2.22333 0.00207413 5.33089e-05
2.72131 0.000316447 1.29351e-05
3.21997 4.21713e-05 3.92407e-06
3.71906 7.63878e-06 1.51255e-06
4.37952 6.39521e-07 2.70478e-07 
------------------------
ala  20-30%
0.303906 0.4225 0.229548
0.500781 0.15869 0.0104357
0.699023 0.115737 0.00432295
0.897949 0.0787887 0.00306214
1.09707 0.0501132 0.00182075
1.29648 0.0289135 0.00104355
1.496 0.0173382 0.000652149
1.69561 0.00897433 0.000284383
1.89531 0.00429427 0.000133529
2.21918 0.00130996 3.53309e-05
2.71704 0.000182614 9.51859e-06
3.21564 2.0275e-05 2.83757e-06
3.71472 4.00909e-06 1.03653e-06
4.36481 2.43176e-07 1.53254e-07
------------------------
ala  30-40%
0.303711 0.0193958 0.107523
0.500488 0.119634 0.00961638
0.698633 0.0822802 0.00333942
0.897363 0.0554164 0.00197481
1.09648 0.0326547 0.00113105
1.2958 0.0190493 0.000727084
1.49531 0.0102166 0.000300731
1.69492 0.00561169 0.000178464
1.89463 0.00254211 8.91543e-05
2.21484 0.000782964 2.7197e-05
2.71259 0.000108242 8.08134e-06
3.21118 1.55388e-05 2.08829e-06
3.71014 8.48043e-07 6.77411e-07
4.3501 2.85822e-08 9.95043e-08
------------------------
ala  40-60%
0.303516 0.12834 0.0693386
0.500098 0.0744053 0.00560285
0.698145 0.0446212 0.00157467
0.896777 0.0267873 0.000991359
1.09585 0.0156026 0.000532857
1.29512 0.00832575 0.000253086
1.49458 0.00418366 0.000133781
1.69419 0.00194788 6.9627e-05
1.89385 0.000952506 4.04584e-05
2.21014 0.000274816 1.07742e-05
2.70779 3.5153e-05 2.72998e-06
3.2063 3.58277e-06 7.63622e-07
3.70526 4.29721e-07 2.06326e-07
4.33493 8.13225e-08 4.93981e-08 
------------------------
ala  60-80%
0.303125 0.0450327 0.0286437
0.499512 0.0225775 0.00247067
0.697363 0.0136442 0.000661753
0.895898 0.00697735 0.000291173
1.09482 0.00344505 0.000141782
1.29404 0.00169767 8.97182e-05
1.49346 0.000757225 4.61977e-05
1.69299 0.000285101 1.79563e-05
1.89263 0.000124909 1.07306e-05
2.203 2.54986e-05 3.42095e-06
2.7005 2.66089e-06 6.58163e-07
3.19888 3.92229e-07 2.00334e-07
3.69781 -2.13107e-09 -4.55601e-10
4.31329 -4.23532e-11 -1.19063e-11
------------------------
========================
Au+Au 15 GeV
------------------------
pT[GeV/c] d^2N/(2pi*pt*dpt*dy)[(GeV/c)^-2]   error(stat.)
la  0-5%
0.303906 10.3405 3.84141
0.500977 3.28195 0.176942
0.699219 2.53381 0.060108
0.898047 1.93368 0.034926
1.09727 1.23779 0.0224996
1.29668 0.762951 0.0146068
1.49619 0.420773 0.00774138
1.6958 0.230935 0.00420476
1.89551 0.122961 0.00235872
2.2204 0.0370385 0.000555429
2.71832 0.00596063 0.000119956
3.21692 0.000900059 2.62484e-05
3.716 0.000143547 8.5551e-06
4.36908 9.61983e-06 1.45043e-06
------------------------
la  5-10%
0.303906 4.38637 1.69967
0.500781 2.85307 0.157274
0.699023 2.15932 0.0552753
0.897949 1.4768 0.0296285
1.09707 1.00517 0.0200072
1.29648 0.592669 0.0122485
1.496 0.335577 0.00633408
1.69561 0.179713 0.00372442
1.89531 0.0931262 0.00202924
2.21912 0.0288516 0.000416486
2.71698 0.00474774 9.21952e-05
3.21558 0.000679265 2.33037e-05
3.71466 9.68191e-05 6.98689e-06
4.36456 9.49742e-06 1.45828e-06
------------------------
la  10-20%
0.303906 6.17578 2.54356
0.500781 2.38887 0.102276
0.699023 1.58358 0.0398995
0.897949 1.11958 0.0178373
1.09707 0.715114 0.01072
1.29648 0.448813 0.00763796
1.496 0.250683 0.00410662
1.69561 0.13116 0.00216558
1.89531 0.0652789 0.0010829
2.21918 0.0211113 0.000264027
2.71704 0.00334921 4.93118e-05
3.21564 0.000525001 1.27829e-05
3.71469 7.62747e-05 4.92043e-06
4.36475 6.96652e-06 1.2882e-06
------------------------
la  20-30%
0.303906 0.66558 0.326387
0.500586 1.59553 0.08145
0.698828 1.06855 0.0237966
0.897559 0.722947 0.0135719
1.09673 0.456607 0.00823355
1.29609 0.268777 0.00503903
1.49561 0.145337 0.0027608
1.69521 0.0774751 0.00145507
1.89492 0.0394691 0.000758406
2.21649 0.0123317 0.000175884
2.71429 0.00191666 3.50149e-05
3.21289 0.000312022 9.89395e-06
3.71191 4.25375e-05 3.0582e-06
4.35565 2.28833e-06 4.72924e-07
------------------------
la  30-40%
0.303711 0.855788 0.263501
0.500488 0.96026 0.0584757
0.698633 0.662386 0.0178239
0.897363 0.458859 0.0106399
1.09648 0.259262 0.00534633
1.2958 0.155732 0.00338972
1.49531 0.0833646 0.00187778
1.69492 0.0412767 0.000911632
1.89463 0.0205387 0.000494246
2.21484 0.00642617 0.0001115
2.71259 0.00103973 2.40792e-05
3.21112 0.00015982 6.61871e-06
3.71014 2.27277e-05 2.13209e-06
4.35004 1.87089e-06 4.17024e-07
------------------------
la  40-60%
0.303516 0.693761 0.327681
0.500195 0.517098 0.0337072
0.698242 0.312045 0.00891776
0.896924 0.191097 0.00448304
1.096 0.106693 0.00234672
1.29531 0.0587208 0.00131979
1.49473 0.0288759 0.000665736
1.69434 0.0140952 0.00033287
1.89404 0.00727471 0.000187219
2.21118 0.00211063 4.02353e-05
2.70886 0.000318297 8.85359e-06
3.20734 4.82333e-05 3.66181e-06
3.7063 5.95141e-06 7.58916e-07
4.33813 3.70272e-07 1.14218e-07
------------------------
la  60-80%
0.303223 0.707402 0.714225
0.499707 0.131364 0.0112633
0.697656 0.0711965 0.0026639
0.896191 0.0383079 0.00117135
1.09521 0.0200583 0.000589647
1.29443 0.00981717 0.000294137
1.49385 0.00471307 0.000150834
1.69341 0.00201662 7.15444e-05
1.89307 0.000927088 3.62574e-05
2.20554 0.000263056 9.00198e-06
2.70306 3.17293e-05 2.07941e-06
3.20148 5.28193e-06 7.19503e-07
3.70044 1.34372e-07 1.91304e-07
4.32074 1.31063e-07 6.01451e-08
------------------------
========================
