CollEn	particle	centrality	mass	beta	betaErr	temp	tempErr	n-v_prof	nErr	norm	normErr	dETdEta_data	dETdEta_d_err	dETdEtaLeft	dETdEtaLErr	dETdEtaRight	dETdEtaRErr	dETdEtaTotal	dETdEtaTErr	dETdy_d	dETdy_d_err	dETdyLeft	dETdyLErr	dETdyRight	dETdyRErr	dETdyTotal	dETdyTErr	dNdEta_d	dNdEta_d_err	dNdEtaLeft	dNdEtaLErr	dNdEtaRight	dNdEtaRErr	dNdEtaTotal	dNdEtaTErr	dNdy_d	dNdy_d_err	dNdyLeft	dNdyLErr	dNdyRight	dNdyRErr	dNdyTotal	dNdyTErr	Npart	NpartErr	fitStatus
7.7	ala	0	1.11568	0.662849	0.169543	0.0846711	0.0472672	1.37063	1.30712	117543	988799	0.260272	0.0361024	0.00916663	0.00407157	1.95653e-05	5.1153e-06	0.269458	0.040179	0.390694	0.0588714	0.0295647	0.0151496	2.07151e-05	5.41117e-06	0.42028	0.0740265	0.094919	0.0134783	0.00396238	0.00177131	4.32697e-06	5.1153e-06	0.0988857	0.0152547	0.145618	0.0226085	0.00396238	0.00177131	4.32697e-06	1.12483e-06	0.149584	0.0243809	337	2	1
7.7	ala	1	1.11568	0.566796	0.0328447	0.0951748	0.00339038	0.600245	0.38288	18445.9	8694.46	0.225144	0.0331262	0.00668773	0.00167206	9.5883e-06	2.63804e-06	0.231841	0.0348009	0.337907	0.0544949	0.0207367	0.00576438	1.01559e-05	2.79153e-06	0.358654	0.0602621	0.0825766	0.012445	0.00288607	0.000724975	2.12636e-06	2.63804e-06	0.0854648	0.0131726	0.126335	0.0210293	0.00288607	0.000724975	2.12636e-06	5.81264e-07	0.129223	0.0217549	290	6	1
7.7	ala	2	1.11568	0.678897	0.00936569	0.068225	0.00043427	1.63893	0.369993	3.34815e+06	95526.8	0.184948	0.0185809	0.00875902	0.00155093	6.43463e-05	8.25024e-06	0.193771	0.0201401	0.284971	0.0311866	0.0285685	0.00561275	6.99341e-05	8.95152e-06	0.313609	0.0368083	0.0686783	0.0070536	0.00378639	0.000673661	1.61913e-05	8.25024e-06	0.0724808	0.00773551	0.107885	0.0121416	0.00378639	0.000673661	1.61913e-05	2.06066e-06	0.111687	0.0128173	226	8	1
7.7	ala	3	1.11568	0.677843	0.0626125	0.0592042	0.0179972	2.58804	1.15126	5.38173e+07	3.43836e+08	0.14172	0.0165604	0.010857	0.00877409	1.9719e-05	6.25121e-05	0.152597	0.025397	0.230957	0.029063	0.037341	0.03188	2.14717e-05	6.78909e-05	0.268319	0.0610109	0.0538265	0.00638661	0.00470419	0.00381052	5.0011e-06	6.25121e-05	0.0585357	0.0102596	0.0894595	0.0114874	0.00470419	0.00381052	5.0011e-06	1.56752e-05	0.0941687	0.0153136	160	10	1
7.7	ala	4	1.11568	0.729092	0.0249008	0.0396957	0.00790425	4.83389	2.09871	1.09677e+12	6.73577e+12	0.0939482	0.0130683	0.0121919	0.370969	4.5219e-06	0.000681796	0.106145	0.384719	0.157064	0.0235706	0.0472645	1.36411	4.93509e-06	0.000743175	0.204333	1.38843	0.0360046	0.00508766	0.00530796	0.161219	1.15761e-06	0.000681796	0.0413137	0.166989	0.0613923	0.0093972	0.00530796	0.161219	1.15761e-06	0.000173129	0.0667014	0.17079	110	11	1
7.7	ala	5	1.11568	0.342557	0.0153799	0.0862477	0.000588752	-0.206963	0.0150844	20000	1.73843	0.0465183	0.00662573	0.00236488	0.000135637	1.70441e-05	1.03189e-05	0.0489002	0.00677168	0.0787759	0.0122317	0.0073595	0.000375441	1.79855e-05	1.07828e-05	0.0861534	0.012618	0.0179402	0.0026042	0.00102044	5.82136e-05	3.41273e-06	1.03189e-05	0.0189641	0.00267273	0.0309553	0.00491435	0.00102044	5.82136e-05	3.41273e-06	1.63579e-06	0.0319792	0.0049742	59	45	1
7.7	ala	6	1.11568	0.631834	0.0620056	0.0570007	0.0163286	5.79148	3.70922	1.70002e+07	1.06559e+08	0.0110105	0.00307122	0.00181151	0.00190616	1.24802e-05	3.18903e-05	0.0128345	0.00500927	0.0200406	0.00576599	0.00665715	0.00715703	1.43768e-05	3.6561e-05	0.0267121	0.0129596	0.00436145	0.00122271	0.000787218	0.000829026	3.69975e-06	3.18903e-05	0.00515237	0.00208363	0.00806407	0.00233526	0.000787218	0.000829026	3.69975e-06	9.34583e-06	0.00885499	0.00317363	20	14	1
7.7	la_	0	1.11568	0.751961	0.502464	0.01	1.41421	0.01	1.41421	10000	1.41421	3.50651	0.186879	4.94312e-55	2.18082e-26	1.17962e-74	6.49028e-35	3.50651	0.186879	4.95402	0.28773	1.07375e-54	4.83708e-26	1.22424e-74	6.73209e-35	4.95402	0.28773	8.0141	0.580022	3.50664e-54	1.6294e-25	3.86134e-75	6.49028e-35	8.0141	0.580022	13.0756	1.08338	3.50664e-54	1.6294e-25	3.86134e-75	2.10377e-35	13.0756	1.08338	337	2	1
7.7	la_	1	1.11568	0.310119	0.0219993	0.153897	0.00244013	1.08942	0.420522	10352.5	1445.35	2.79668	0.172108	0.0329994	0.00157472	8.08382e-06	9.23203e-07	2.82968	0.173683	3.96114	0.266765	0.0875459	0.00423237	8.36318e-06	9.54618e-07	4.0487	0.270998	6.44591	0.544023	0.39968	0.0197356	2.49513e-06	9.23203e-07	6.84559	0.56376	10.5316	1.01726	0.39968	0.0197356	2.49513e-06	2.8209e-07	10.9313	1.037	290	6	1
7.7	la_	2	1.11568	0.549835	0.00393169	0.109522	0.00131087	2.38032	0.244691	263888	26561.2	1.9708	0.0989232	0.0267939	0.00156198	4.95688e-06	4.00604e-07	1.9976	0.100486	2.8086	0.155107	0.0715317	0.00425725	5.12865e-06	4.14339e-07	2.88014	0.159364	4.64606	0.323882	0.330011	0.0203024	1.53272e-06	4.00604e-07	4.97607	0.344185	7.66058	0.612096	0.330011	0.0203024	1.53272e-06	1.2301e-07	7.99059	0.632399	226	8	1
7.7	la_	3	1.11568	0.554607	0.124496	0.107163	0.0283419	2.84855	1.17245	238561	790909	1.23287	0.07826	0.0187322	0.00362801	2.80458e-05	3.67616e-06	1.25163	0.0818917	1.77529	0.123583	0.0504093	0.0103238	2.93351e-05	3.84121e-06	1.82573	0.133911	3.00961	0.261846	0.235165	0.0525222	1.04188e-05	3.67616e-06	3.24479	0.314372	5.00737	0.498429	0.235165	0.0525222	1.04188e-05	1.34416e-06	5.24255	0.550952	160	10	1
7.7	la_	4	1.11568	0.519857	0.118288	0.111501	0.0257573	2.6714	0.952721	87723.9	244100	0.705029	0.0554894	0.0110364	0.00175962	1.28599e-05	1.78678e-06	0.716079	0.0572509	1.0215	0.0890538	0.0296658	0.00495373	1.34527e-05	1.86742e-06	1.05118	0.0940094	1.75635	0.194692	0.138133	0.0248094	4.78611e-06	1.78678e-06	1.89449	0.219503	2.93645	0.375644	0.138133	0.0248094	4.78611e-06	6.5557e-07	3.07459	0.400454	110	11	1
7.7	la_	5	1.11568	0.534447	0.0759933	0.103606	0.0169368	3.56145	0.893549	99565.6	210874	0.27364	0.0219309	0.00540479	0.000787287	2.90348e-06	4.33123e-07	0.279048	0.0227186	0.408358	0.0361747	0.01462	0.0022319	3.03838e-06	4.52944e-07	0.422981	0.0384071	0.754915	0.083219	0.0687864	0.0113007	1.08632e-06	4.33123e-07	0.823703	0.0945202	1.31446	0.164237	0.0687864	0.0113007	1.08632e-06	1.60411e-07	1.38325	0.175538	59	45	1
7.7	la_	6	1.11568	0.629055	0.0500896	0.0673497	0.0113646	5.68859	2.31989	2.21225e+07	7.27199e+07	0.0544906	0.00574299	0.00185229	0.000607812	6.34546e-07	8.59721e-07	0.0563435	0.00635166	0.0842414	0.00976363	0.00520907	0.00180385	6.73005e-07	9.10395e-07	0.0894511	0.0115684	0.16757	0.0236632	0.0260249	0.00976575	2.84054e-07	8.59721e-07	0.193595	0.0334298	0.300147	0.0476993	0.0260249	0.00976575	2.84054e-07	3.77446e-07	0.326172	0.0574654	20	14	1
11.5	ala	0	1.11568	0.591002	0.0125902	0.101979	0.00188276	1.35639	0.2785	41304	9700.45	1.04737	0.0895595	0.0432754	0.00504884	1.25645e-05	1.60565e-06	1.09065	0.09461	1.60851	0.153314	0.139074	0.0174769	1.31405e-05	1.67821e-06	1.74759	0.170792	0.385736	0.0341784	0.0187	0.00218907	2.54608e-06	1.60565e-06	0.404439	0.0363691	0.605824	0.0600476	0.0187	0.00218907	2.54608e-06	3.23562e-07	0.624527	0.062237	338	2	1
11.5	ala	1	1.11568	0.671326	0.0594816	0.0814054	0.0151136	1.73331	0.72659	719349	2.11923e+06	0.79947	0.0832504	0.0341206	0.00891517	7.03512e-06	1.24037e-06	0.833597	0.0921668	1.22893	0.144094	0.111434	0.0328358	7.35974e-06	1.29613e-06	1.34037	0.176931	0.294276	0.0318792	0.0147539	0.00387606	1.42932e-06	1.24037e-06	0.309031	0.0357565	0.462814	0.0566337	0.0147539	0.00387606	1.42932e-06	2.49437e-07	0.477569	0.06051	291	6	1
11.5	ala	2	1.11568	0.630907	0.0915427	0.0900817	0.0222181	1.94395	0.946229	152278	544082	0.658113	0.0561904	0.0335534	0.00833584	5.15369e-06	6.53673e-07	0.691671	0.0645269	1.03252	0.0982831	0.11009	0.0309827	5.39153e-06	6.83623e-07	1.14262	0.129266	0.244655	0.0216597	0.0145119	0.00362574	1.04707e-06	6.53673e-07	0.259168	0.0252861	0.392602	0.0388171	0.0145119	0.00362574	1.04707e-06	1.32455e-07	0.407115	0.042443	226	8	1
11.5	ala	3	1.11568	0.628838	0.0695658	0.0877227	0.0167779	2.3357	0.923033	175355	500012	0.466681	0.0499481	0.0280216	0.00656414	2.5303e-06	3.70349e-07	0.494705	0.0565126	0.74622	0.0902886	0.0930623	0.0243706	2.64762e-06	3.87351e-07	0.839285	0.11466	0.175056	0.0194734	0.0121259	0.00285487	5.1499e-07	3.70349e-07	0.187183	0.0223286	0.286166	0.0360319	0.0121259	0.00285487	5.1499e-07	7.50912e-08	0.298292	0.0388868	160	9	1
11.5	ala	4	1.11568	0.751961	0.502464	0.01	1.41421	0.01	1.41421	10000	1.41421	0.320392	0.0445622	7.0489e-54	3.51724e-25	8.47812e-67	6.61714e-31	0.320392	0.0445622	0.524051	0.0829154	1.54131e-53	7.88705e-25	8.90952e-67	6.94778e-31	0.524051	0.0829154	0.121581	0.0175842	2.97331e-54	1.48804e-25	1.78663e-67	6.61714e-31	0.121581	0.0175842	0.203035	0.0334084	2.97331e-54	1.48804e-25	1.78663e-67	1.38528e-31	0.203035	0.0334084	110	10	1
11.5	ala	5	1.11568	0.57067	0.0978751	0.100533	0.0249679	4.24546	1.37429	12815.6	42459.9	0.167823	0.0226886	0.014191	0.00363097	6.46813e-07	2.00473e-07	0.182015	0.0263197	0.28576	0.0426776	0.0478156	0.0134543	6.76844e-07	2.09643e-07	0.333576	0.0561321	0.064561	0.00899276	0.00614505	0.00157907	1.31697e-07	2.00473e-07	0.0707062	0.010572	0.112256	0.0172553	0.00614505	0.00157907	1.31697e-07	4.05863e-08	0.118402	0.0188344	59	45	1
11.5	ala	6	1.11568	0.573498	0.160189	0.0713587	0.036914	4.01051	2.93767	738133	6.84533e+06	0.0436351	0.00819405	0.00555521	0.00340804	2.04883e-06	2.44712e-06	0.0491923	0.0116045	0.0773074	0.01587	0.0193953	0.0134384	2.23453e-06	2.6618e-06	0.096705	0.0293111	0.017135	0.00328961	0.00240898	0.00148581	5.22875e-07	2.44712e-06	0.0195445	0.00477787	0.0308624	0.00647679	0.00240898	0.00148581	5.22875e-07	6.17448e-07	0.0332719	0.00796322	20	14	1
11.5	la_	0	1.11568	0.541279	0.124398	0.117527	0.0271796	1.89231	0.862089	169494	447670	3.41581	0.195416	0.0368088	0.00480285	1.70793e-05	2.04613e-06	3.45263	0.200221	4.76512	0.295453	0.0977598	0.0133927	1.76674e-05	2.11557e-06	4.8629	0.308848	7.45689	0.570281	0.447116	0.0661831	5.25906e-06	2.04613e-06	7.90401	0.636466	11.9784	1.03701	0.447116	0.0661831	5.25906e-06	6.24169e-07	12.4255	1.10319	338	2	1
11.5	la_	1	1.11568	0.315906	0.557222	0.186854	0.0392858	7.3146	42.0952	1807.08	3050.75	2.71256	0.193997	0.027466	0.00351598	2.18974e-05	1.24433e-05	2.74005	0.197525	3.79521	0.294446	0.0727085	0.00952601	2.26414e-05	1.28437e-05	3.86794	0.303985	5.99687	0.574236	0.330715	0.0449805	6.68426e-06	1.24433e-05	6.32759	0.619229	9.71559	1.05247	0.330715	0.0449805	6.68426e-06	3.66671e-06	10.0463	1.09746	291	6	1
11.5	la_	2	1.11568	0.454465	0.0120909	0.138502	0.00194216	2.05065	0.331047	18705.3	2599.75	1.9596	0.117611	0.0224703	0.0012693	1.13785e-05	9.30023e-07	1.98208	0.118881	2.75543	0.17996	0.059683	0.00342721	1.17688e-05	9.61445e-07	2.81513	0.183388	4.40514	0.355934	0.272987	0.016099	3.49514e-06	9.30023e-07	4.67813	0.372034	7.1525	0.652621	0.272987	0.016099	3.49514e-06	2.82858e-07	7.42549	0.668721	226	8	1
11.5	la_	3	1.11568	0.558421	0.0748463	0.117501	0.0176988	3.09101	0.812134	70645.8	124543	1.19094	0.0896683	0.0160562	0.00233171	6.69099e-06	8.39876e-07	1.207	0.0920009	1.68343	0.138782	0.0429151	0.00648643	6.92085e-06	8.68248e-07	1.72636	0.145269	2.72383	0.281949	0.19834	0.0319383	2.05721e-06	8.39876e-07	2.92217	0.313888	4.43166	0.525512	0.19834	0.0319383	2.05721e-06	2.55423e-07	4.63	0.55745	160	9	1
11.5	la_	4	1.11568	0.502999	0.117919	0.127115	0.02856	3.32511	0.826228	19186.7	46835.7	0.702969	0.0679779	0.0102649	0.00172093	2.96186e-06	6.14244e-07	0.713237	0.0696995	1.01159	0.107683	0.0274077	0.00476481	3.06372e-06	6.34971e-07	1.039	0.112448	1.71898	0.229891	0.126471	0.0232921	9.11295e-07	6.14244e-07	1.84545	0.253184	2.88437	0.439997	0.126471	0.0232921	9.11295e-07	1.86667e-07	3.01084	0.46329	110	10	1
11.5	la_	5	1.11568	0.751961	0.502464	0.01	1.41421	0.01	1.41421	10000	1.41421	0.271107	0.0277014	5.06797e-55	2.21257e-26	1.22378e-74	6.60905e-35	0.271107	0.0277014	0.395033	0.043823	1.10013e-54	4.90416e-26	1.2701e-74	6.85541e-35	0.395033	0.043823	0.691446	0.0927661	3.5894e-54	1.65045e-25	4.00737e-75	6.60905e-35	0.691446	0.0927661	1.17504	0.175312	3.5894e-54	1.65045e-25	4.00737e-75	2.14304e-35	1.17504	0.175312	59	45	1
11.5	la_	6	1.11568	0.51808	0.148415	0.151417	0.0108325	58.3333	127.739	383.361	283.807	0.0614251	0.00817101	0.00112556	0.000146349	1.25378e-06	7.43811e-07	0.0625519	0.0083181	0.0932841	0.0135928	0.00302142	0.00039992	1.30999e-06	7.75164e-07	0.0963068	0.0139935	0.179315	0.0317229	0.0140366	0.00191176	4.57918e-07	7.43811e-07	0.193352	0.0336354	0.317988	0.0629038	0.0140366	0.00191176	4.57918e-07	2.60641e-07	0.332025	0.0648158	20	14	1
19.6	ala	0	1.11568	0.751961	0.502464	0.02	1.41421	0.02	1.41421	20000	1.41421	2.78132	0.0933275	4.61707e-26	1.64427e-15	2.65765e-37	1.82633e-22	2.78132	0.0933275	4.1803	0.147895	1.03158e-25	3.75847e-15	2.74757e-37	1.88728e-22	4.1803	0.147895	1.0113	0.0343109	1.95231e-26	6.96914e-16	4.8206e-38	1.82633e-22	1.0113	0.0343109	1.55595	0.0560254	1.95231e-26	6.96914e-16	4.8206e-38	3.2949e-23	1.55595	0.0560254	338	2	1
19.6	ala	1	1.11568	0.474377	0.126344	0.136904	0.0237099	0.779291	0.556063	3122.15	5248.5	2.3113	0.0897774	0.0813125	0.00333655	3.07336e-08	4.30972e-09	2.39261	0.0931139	3.46182	0.141682	0.257575	0.0112912	3.13328e-08	4.39302e-09	3.71939	0.152974	0.838949	0.0329332	0.0351071	0.00144497	4.48375e-09	4.30972e-09	0.874056	0.0343782	1.28625	0.0535636	0.0351071	0.00144497	4.48375e-09	6.26433e-10	1.32135	0.0550086	289	6	1
19.6	ala	2	1.11568	0.405055	0.0106846	0.15288	0.00141788	0.976434	0.144424	936.108	76.3823	1.79112	0.055885	0.0729176	0.00176546	3.71753e-07	3.15321e-08	1.86403	0.0576505	2.75865	0.0922474	0.2328	0.00588493	3.81107e-07	3.23174e-08	2.99145	0.0981324	0.657128	0.0208188	0.031491	0.000763989	6.00546e-08	3.15321e-08	0.688619	0.0215828	1.03752	0.0354704	0.031491	0.000763989	6.00546e-08	5.07213e-09	1.06901	0.0362344	225	9	1
19.6	ala	3	1.11568	0.630204	0.0381327	0.0987723	0.00948701	2.35127	0.388193	85647.8	109858	1.2572	0.0445578	0.066918	0.00563617	4.15565e-09	3.75388e-10	1.32412	0.0501939	1.96916	0.0741096	0.219373	0.020911	4.23727e-09	3.82671e-10	2.18853	0.0950205	0.465979	0.0167195	0.0289361	0.00245116	6.0819e-10	3.75388e-10	0.494915	0.0191706	0.74731	0.0286396	0.0289361	0.00245116	6.0819e-10	5.46548e-11	0.776246	0.0310907	158	10	1
19.6	ala	4	1.11568	0.751961	0.502464	0.01	1.41421	0.01	1.41421	10000	1.41421	0.841942	0.0389066	9.14795e-54	4.06131e-25	1.80453e-84	1.22302e-39	0.841942	0.0389066	1.35814	0.0676512	1.98533e-53	9.03802e-25	1.85434e-84	1.25626e-39	1.35814	0.0676512	0.316007	0.0148426	3.85461e-54	1.71647e-25	3.02688e-85	1.22302e-39	0.316007	0.0148426	0.521881	0.0265622	3.85461e-54	1.71647e-25	3.02688e-85	2.03896e-40	0.521881	0.0265622	108	11	1
19.6	ala	5	1.11568	0.583575	0.024653	0.108726	0.00684988	4.23311	0.370864	11041.7	8598.32	0.413135	0.0192894	0.0314346	0.00187248	2.02588e-08	3.49577e-09	0.44457	0.0211619	0.68169	0.0338113	0.104322	0.00677368	2.07768e-08	3.58468e-09	0.786012	0.040585	0.156848	0.0074069	0.0135994	0.000813303	3.29406e-09	3.49577e-09	0.170447	0.00822021	0.264594	0.0133341	0.0135994	0.000813303	3.29406e-09	5.67175e-10	0.278193	0.0141475	58	44	1
19.6	ala	6	1.11568	0.557877	0.0744097	0.103022	0.0243314	6.19889	1.21721	6750.27	20756.8	0.108086	0.00715972	0.0106689	0.00206074	8.99319e-09	6.65689e-09	0.118755	0.00922047	0.189089	0.0134048	0.0359977	0.00775534	9.27959e-09	6.86773e-09	0.225086	0.0211601	0.042041	0.00281782	0.00461936	0.000896752	1.59239e-09	6.65689e-09	0.0466604	0.00371458	0.0750028	0.00539939	0.00461936	0.000896752	1.59239e-09	1.17613e-09	0.0796221	0.00629615	20	14	1
19.6	la_	0	1.11568	0.492462	0.117062	0.142222	0.0273101	1.85568	0.417238	20450.4	37625.7	3.40038	0.107658	0.0302432	0.00146051	2.87706e-07	4.6555e-08	3.43063	0.109119	4.65541	0.150288	0.080054	0.00403998	2.93281e-07	4.74505e-08	4.73546	0.154328	6.94126	0.240542	0.364131	0.0197126	6.20475e-08	4.6555e-08	7.30539	0.260254	10.9729	0.40634	0.364131	0.0197126	6.20475e-08	9.9952e-09	11.337	0.426052	338	2	1
19.6	la_	1	1.11568	0.528583	0.0756732	0.13258	0.0174169	1.88983	0.378415	32156	43084.6	2.69624	0.0959979	0.0240848	0.0011729	1.88291e-07	2.4757e-08	2.72033	0.0971708	3.69577	0.133809	0.0637843	0.0032517	1.91945e-07	2.52348e-08	3.75955	0.137061	5.53211	0.213614	0.290375	0.0159263	4.06462e-08	2.4757e-08	5.82248	0.229541	8.77246	0.361457	0.290375	0.0159263	4.06462e-08	5.32603e-09	9.06284	0.377383	289	6	1
19.6	la_	2	1.11568	0.535831	0.0373186	0.133826	0.00917794	2.46881	0.206103	23237.4	16268.6	1.98094	0.0552602	0.019612	0.000690375	1.67258e-07	1.68563e-08	2.00055	0.0559506	2.73101	0.0773994	0.0520585	0.00190867	1.705e-07	1.71807e-08	2.78306	0.0793081	4.15677	0.125227	0.237921	0.00930951	3.60753e-08	1.68563e-08	4.39469	0.134536	6.64968	0.213296	0.237921	0.00930951	3.60753e-08	3.61977e-09	6.8876	0.222606	225	9	1
19.6	la_	3	1.11568	0.565014	0.0380807	0.126977	0.0100426	3.04865	0.255528	26781.7	22725.4	1.2158	0.0402289	0.0136085	0.000636934	9.24261e-08	1.37913e-08	1.22941	0.0408658	1.68995	0.0566866	0.0362354	0.00177672	9.42191e-08	1.40571e-08	1.72619	0.0584634	2.62983	0.0932999	0.166468	0.00878563	1.99471e-08	1.37913e-08	2.7963	0.102086	4.24838	0.160495	0.166468	0.00878563	1.99471e-08	2.96461e-09	4.41485	0.169281	158	10	1
19.6	la_	4	1.11568	0.3	0.000937683	0.146498	2.32579e-05	-0.141417	4.54679e-06	2964.76	35.3208	0.727033	0.0305256	0.00563523	6.66022e-05	1.69529e-08	2.02542e-10	0.732668	0.0305922	1.02318	0.0439302	0.0147412	0.000174225	1.72143e-08	2.05664e-10	1.03792	0.0441045	1.65192	0.0767392	0.0658891	0.000778739	3.1861e-09	2.02542e-10	1.71781	0.0775179	2.73406	0.136875	0.0658891	0.000778739	3.1861e-09	3.80627e-11	2.79995	0.137654	108	11	1
19.6	la_	5	1.11568	0.751961	0.502464	0.01	1.41421	0.01	1.41421	10000	1.41421	0.299485	0.0130868	5.56421e-55	2.33566e-26	1.48412e-84	8.72204e-40	0.299485	0.0130868	0.429424	0.0190823	1.20481e-54	5.1638e-26	1.5252e-84	8.95985e-40	0.429424	0.0190823	0.724107	0.0341604	3.91711e-54	1.73173e-25	3.98541e-85	8.72204e-40	0.724107	0.0341604	1.21301	0.0608091	3.91711e-54	1.73173e-25	3.98541e-85	2.32009e-40	1.21301	0.0608091	58	44	1
19.6	la_	6	1.11568	0.600417	0.026445	0.10377	0.00802539	7.08341	0.80956	22821.1	23229.4	0.0565097	0.00336747	0.00134081	0.000114553	8.23175e-09	2.02741e-09	0.0578505	0.00348203	0.084159	0.00513673	0.00362272	0.000324579	8.44345e-09	2.07931e-09	0.0877817	0.00546131	0.155179	0.0101947	0.0170671	0.00164594	2.11034e-09	2.02741e-09	0.172246	0.0118407	0.27063	0.019021	0.0170671	0.00164594	2.11034e-09	5.18294e-10	0.287697	0.0206669	20	14	1
27	ala	0	1.11568	0.751961	0.502464	0.01	1.41421	0.01	1.41421	10000	1.41421	4.24403	0.158834	8.06387e-54	3.78822e-25	0	9.57884e-45	4.24403	0.158834	6.31248	0.251636	1.75642e-53	8.46135e-25	0	9.77741e-45	6.31248	0.251636	1.53148	0.058281	3.39958e-54	1.60184e-25	0	9.57884e-45	1.53148	0.058281	2.33396	0.0952242	3.39958e-54	1.60184e-25	0	1.4339e-45	2.33396	0.0952242	343	2	1
27	ala	1	1.11568	0.653792	0.0918157	0.102788	0.0236393	1.8081	0.829955	117396	348218	3.55004	0.142715	0.136066	0.0276678	5.90657e-08	5.14056e-09	3.68611	0.170383	5.30235	0.2252	0.439292	0.101596	6.02171e-08	5.24273e-09	5.74164	0.326797	1.28364	0.0523286	0.0587986	0.0120282	8.61703e-09	5.14056e-09	1.34244	0.0643568	1.96464	0.0851165	0.0587986	0.0120282	8.61703e-09	7.56483e-10	2.02344	0.0971446	299	6	1
27	ala	2	1.11568	0.751961	0.502464	0.01	1.41421	0.01	1.41421	10000	1.41421	2.73957	0.0851203	8.11309e-54	3.80096e-25	0	9.73573e-45	2.73957	0.0851203	4.16538	0.137644	1.76683e-53	8.48831e-25	0	9.93762e-45	4.16538	0.137644	0.99841	0.0314925	3.42024e-54	1.60719e-25	0	9.73573e-45	0.99841	0.0314925	1.55646	0.0525305	3.42024e-54	1.60719e-25	0	1.45759e-45	1.55646	0.0525305	234	9	1
27	ala	3	1.11568	0.597644	0.0530665	0.118069	0.0136807	2.52473	0.401719	15010.4	19861.4	1.95935	0.0725678	0.0971327	0.00779932	5.20313e-07	6.83507e-08	2.05648	0.0803671	3.05617	0.120764	0.315464	0.0281311	5.33391e-07	7.0052e-08	3.37163	0.148895	0.722407	0.0270976	0.0419811	0.00338746	8.40158e-08	6.83507e-08	0.764389	0.0304851	1.1556	0.0465617	0.0419811	0.00338746	8.40158e-08	1.09926e-08	1.19758	0.0499491	166	11	1
27	ala	4	1.11568	0.751961	0.502464	0.01	1.41421	0.01	1.41421	10000	1.41421	1.27615	0.0555715	9.16302e-54	4.065e-25	1.36071e-84	1.07009e-39	1.27615	0.0555715	2.00292	0.0918035	1.9885e-53	9.0458e-25	1.39816e-84	1.09908e-39	2.00292	0.0918035	0.4729	0.0207227	3.86093e-54	1.71802e-25	2.27974e-85	1.07009e-39	0.4729	0.0207227	0.760361	0.0353215	3.86093e-54	1.71802e-25	2.27974e-85	1.78169e-40	0.760361	0.0353215	114	11	1
27	ala	5	1.11568	0.595831	0.0374073	0.111834	0.0100889	4.05277	0.44086	11546.2	12636.9	0.656972	0.0313534	0.0446946	0.00374857	6.53164e-08	1.06386e-08	0.701666	0.035102	1.07857	0.0552434	0.147707	0.013633	6.69759e-08	1.0907e-08	1.22628	0.0688764	0.248119	0.0120294	0.0193323	0.00162866	1.05931e-08	1.06386e-08	0.267451	0.013658	0.417154	0.0217961	0.0193323	0.00162866	1.05931e-08	1.72044e-09	0.436487	0.0234248	61	47	1
27	ala	6	1.11568	0.579128	0.0280031	0.111006	0.0085073	7.61336	0.885875	4262.06	4066.6	0.174476	0.0113366	0.0162593	0.00151222	5.47961e-08	1.10756e-08	0.190736	0.0128488	0.29903	0.0207329	0.0545359	0.00548759	5.65241e-08	1.1421e-08	0.353566	0.0262205	0.0673188	0.00443444	0.00703795	0.000656956	9.6639e-09	1.10756e-08	0.0743567	0.00509141	0.117766	0.00830069	0.00703795	0.000656956	9.6639e-09	1.94453e-09	0.124804	0.00895765	21	14	1
27	la_	0	1.11568	0.569582	0.0533892	0.127451	0.0128738	1.98404	0.332685	55135.4	59150.8	3.3032	0.109098	0.027774	0.00143345	5.09097e-08	6.02306e-09	3.33097	0.110532	4.49149	0.151819	0.0732949	0.00397156	5.17377e-08	6.12079e-09	4.56478	0.155791	6.58847	0.242313	0.332229	0.0194545	9.88828e-09	6.02306e-09	6.9207	0.261768	10.4061	0.413157	0.332229	0.0194545	9.88828e-09	1.16824e-09	10.7383	0.432611	343	2	1
27	la_	1	1.11568	0.573655	0.0471167	0.126382	0.0115411	2.08261	0.305115	49369.8	48244.6	2.6632	0.0940561	0.0229633	0.00276861	3.95262e-08	1.2889e-07	2.68616	0.0968249	3.62072	0.129942	0.0606367	0.00769095	4.01695e-08	1.30981e-07	3.68135	0.137633	5.30452	0.203151	0.275151	0.0377467	7.68058e-09	1.2889e-07	5.57968	0.240898	8.35825	0.342642	0.275151	0.0377467	7.68058e-09	2.49912e-08	8.63341	0.380388	299	6	1
27	la_	2	1.11568	0.751961	0.502464	0.01	1.41421	0.01	1.41421	10000	1.41421	1.94418	0.0535053	5.73683e-55	2.37738e-26	0	9.62386e-49	1.94418	0.0535053	2.65446	0.0741578	1.24116e-54	5.25167e-26	0	9.79075e-49	2.65446	0.0741578	3.93429	0.116691	4.03065e-54	1.75918e-25	0	9.62386e-49	3.93429	0.116691	6.22537	0.196517	4.03065e-54	1.75918e-25	0	1.94308e-49	6.22537	0.196517	234	9	1
27	la_	3	1.11568	0.751961	0.502464	0.01	1.41421	0.01	1.41421	10000	1.41421	1.2552	0.0406674	5.77673e-55	2.38695e-26	0	9.74672e-49	1.2552	0.0406674	1.7264	0.0568346	1.24956e-54	5.27182e-26	0	9.91579e-49	1.7264	0.0568346	2.61336	0.0915427	4.05686e-54	1.76546e-25	0	9.74672e-49	2.61336	0.0915427	4.18025	0.156046	4.05686e-54	1.76546e-25	0	1.96817e-49	4.18025	0.156046	166	11	1
27	la_	4	1.11568	0.620815	0.0280712	0.116351	0.00810354	3.80527	0.343059	44582.3	36390.8	0.750089	0.0299592	0.00923964	0.000548554	1.03119e-08	1.77795e-09	0.759329	0.0305078	1.04185	0.0422643	0.0246025	0.00153379	1.04805e-08	1.80695e-09	1.06645	0.0437981	1.62303	0.0700709	0.11326	0.00762407	2.0092e-09	1.77795e-09	1.73629	0.077695	2.63879	0.121826	0.11326	0.00762407	2.0092e-09	3.4591e-10	2.75205	0.12945	114	11	1
27	la_	5	1.11568	0.576551	0.0221099	0.13011	0.00660196	5.3062	0.380764	6377.95	3478.19	0.311293	0.0127751	0.0043571	0.000207494	3.45079e-08	4.82284e-09	0.315651	0.0129826	0.44072	0.0184054	0.0116397	0.000574864	3.51754e-08	4.91536e-09	0.452359	0.0189803	0.720107	0.0320255	0.0537748	0.00281388	7.43375e-09	4.82284e-09	0.773882	0.0348393	1.1906	0.0563886	0.0537748	0.00281388	7.43375e-09	1.03366e-09	1.24438	0.0592025	61	47	1
27	la_	6	1.11568	0.650855	0.0172074	0.0949577	0.00480019	7.3074	0.752052	79091.3	57410.7	0.062634	0.00352543	0.00147577	0.000107278	1.03104e-07	9.74777e-09	0.0641098	0.00363272	0.0922712	0.00533302	0.00401633	0.000306001	1.06355e-07	1.0053e-08	0.0962876	0.00563904	0.166354	0.0104202	0.0191296	0.00156698	3.0028e-08	9.74777e-09	0.185483	0.0119872	0.288401	0.019388	0.0191296	0.00156698	3.0028e-08	2.82606e-09	0.30753	0.020955	21	14	1
39	ala	0	1.11568	0.429534	0.196963	0.163646	0.0474675	1.06988	0.605975	1628.5	3945.82	6.08988	0.307807	0.217412	0.012166	4.0394e-06	5.59042e-07	6.30729	0.319974	9.03665	0.521831	0.691275	0.040392	4.13831e-06	5.72564e-07	9.72793	0.562224	2.19142	0.116555	0.0938771	0.00526385	6.45435e-07	5.59042e-07	2.2853	0.121819	3.33408	0.203267	0.0938771	0.00526385	6.45435e-07	8.88666e-08	3.42796	0.208531	342	2	1
39	ala	1	1.11568	0.751961	0.502464	0.02	1.41421	0.02	1.41421	20000	1.41421	5.27907	0.306661	4.74252e-26	1.67678e-15	3.29825e-41	4.76817e-25	5.27907	0.306661	8.0165	0.536855	1.05806e-25	3.82709e-15	3.38614e-41	4.89371e-25	8.0165	0.536855	1.92155	0.117473	2.00497e-26	7.1056e-16	5.4561e-42	4.76817e-25	1.92155	0.117473	2.99263	0.211436	2.00497e-26	7.1056e-16	5.4561e-42	7.8499e-26	2.99263	0.211436	294	6	1
39	ala	2	1.11568	0.395177	0.0292467	0.204329	0.00773671	8.53149	5.73475	203.523	58.9503	3.99319	0.174595	0.156748	0.00575055	4.68417e-06	9.40742e-07	4.14994	0.180346	6.06049	0.300338	0.499732	0.0189178	4.79749e-06	9.62813e-07	6.56023	0.319257	1.45281	0.0665051	0.0676905	0.002487	7.4453e-07	9.40742e-07	1.5205	0.068993	2.26157	0.117622	0.0676905	0.002487	7.4453e-07	1.47597e-07	2.32926	0.120109	230	9	1
39	ala	3	1.11568	0.751961	0.502464	0.01	1.41421	0.01	1.41421	10000	1.41421	2.81919	0.147662	9.15842e-54	4.06388e-25	4.41803e-85	6.59053e-40	2.81919	0.147662	4.35797	0.258164	1.98753e-53	9.04342e-25	4.53829e-85	6.76693e-40	4.35797	0.258164	1.03533	0.0566858	3.859e-54	1.71755e-25	7.37012e-86	6.59053e-40	1.03533	0.0566858	1.64119	0.101756	3.859e-54	1.71755e-25	7.37012e-86	1.09214e-40	1.64119	0.101756	162	10	1
39	ala	4	1.11568	0.475359	0.0348164	0.170609	0.015549	5.12788	1.87169	412.257	323.821	1.82605	0.121097	0.0862151	0.00623216	1.60658e-06	3.96705e-07	1.91226	0.12733	2.85581	0.217043	0.277265	0.0209819	1.64592e-06	4.06223e-07	3.13308	0.238026	0.674124	0.0468999	0.0372458	0.00269815	2.56626e-07	3.96705e-07	0.71137	0.0495984	1.08117	0.0862402	0.0372458	0.00269815	2.56626e-07	6.28261e-08	1.11842	0.0889384	111	11	1
39	ala	5	1.11568	0.534394	0.130428	0.141544	0.0490786	5.02651	2.22828	1217.73	4219.08	0.905529	0.0629035	0.0526423	0.0136014	3.92543e-06	2.12485e-06	0.958175	0.076507	1.47609	0.114897	0.171964	0.0477512	4.05853e-06	2.19495e-06	1.64805	0.162651	0.340625	0.0245977	0.0227608	0.00590056	7.11233e-07	2.12485e-06	0.363386	0.0305004	0.568983	0.0459853	0.0227608	0.00590056	7.11233e-07	3.8074e-07	0.591744	0.0518862	60	46	1
39	ala	6	1.11568	0.596959	0.0428233	0.115467	0.0158581	7.13791	1.2988	3346.61	5522.12	0.232755	0.0237742	0.0192491	0.00306356	3.44683e-06	8.82579e-07	0.252008	0.0268387	0.389876	0.0442849	0.0645437	0.0110694	3.60332e-06	9.21564e-07	0.454423	0.0553553	0.0889247	0.00938029	0.00833364	0.00133085	6.95744e-07	8.82579e-07	0.0972591	0.010712	0.152212	0.0178453	0.00833364	0.00133085	6.95744e-07	1.76245e-07	0.160546	0.0191763	20	14	1
39	la_	0	1.11568	0.497205	0.0692485	0.220753	0.00378762	50.6271	44.5242	472.537	63.5807	3.20726	0.116023	0.0219894	0.000662883	2.19413e-05	5.58439e-06	3.22927	0.116691	4.30216	0.167835	0.057783	0.00176121	2.24575e-05	5.70881e-06	4.35997	0.169602	6.06243	0.295051	0.259894	0.00806603	5.31897e-06	5.58439e-06	6.32233	0.303123	9.39656	0.522338	0.259894	0.00806603	5.31897e-06	1.30811e-06	9.65646	0.530405	342	2	1
39	la_	1	1.11568	0.402625	0.0131884	0.198518	0.0128025	5.3488	2.99423	863.287	430.583	2.63001	0.106492	0.0196647	0.000898571	1.23167e-05	1.97971e-06	2.64968	0.107392	3.55117	0.15554	0.0517534	0.00241228	1.26138e-05	2.02599e-06	3.60294	0.157954	5.10781	0.279596	0.233399	0.0112359	3.03375e-06	1.97971e-06	5.34121	0.290834	8.00765	0.498983	0.233399	0.0112359	3.03375e-06	4.78042e-07	8.24106	0.51022	294	6	1
39	la_	2	1.11568	0.453286	0.0380767	0.180343	0.014803	3.75073	1.00651	1345.83	900.95	1.90785	0.0623916	0.0151281	0.000715965	8.98883e-06	1.21667e-06	1.92299	0.0631087	2.57849	0.0912253	0.039883	0.00193211	9.20632e-06	1.24537e-06	2.61838	0.0931586	3.71408	0.164465	0.18037	0.00907475	2.21824e-06	1.21667e-06	3.89445	0.173541	5.81157	0.294111	0.18037	0.00907475	2.21824e-06	2.95481e-07	5.99195	0.303186	230	9	1
39	la_	3	1.11568	0.485667	0.0217221	0.180132	0.0113163	5.67362	1.54177	940.696	493.454	1.24819	0.046677	0.0106543	0.000561697	7.42852e-06	1.14118e-06	1.25885	0.0472399	1.69932	0.0691264	0.0281119	0.00151406	7.60776e-06	1.16799e-06	1.72744	0.0706416	2.50077	0.12828	0.127318	0.00709848	1.82985e-06	1.14118e-06	2.62809	0.135379	3.95308	0.231915	0.127318	0.00709848	1.82985e-06	2.76443e-07	4.0804	0.239014	162	10	1
39	la_	4	1.11568	0.544678	0.0729856	0.155409	0.0255348	4.39437	0.677345	2105.73	3223.14	0.756068	0.035963	0.00724937	0.000906274	3.37714e-06	8.60197e-07	0.763321	0.0368701	1.03395	0.053227	0.0191828	0.00247466	3.45927e-06	8.80666e-07	1.05314	0.0557026	1.53987	0.098392	0.0873098	0.0118427	8.36012e-07	8.60197e-07	1.62718	0.110236	2.44284	0.176821	0.0873098	0.0118427	8.36012e-07	2.10041e-07	2.53015	0.188664	111	11	1
39	la_	5	1.11568	0.555725	0.032474	0.150478	0.0125286	5.9091	0.834515	1332.24	1075.28	0.310983	0.015769	0.00356405	0.000296411	1.07286e-06	2.08975e-07	0.314548	0.0160656	0.434934	0.024249	0.00945337	0.000808429	1.09912e-06	2.13992e-07	0.444389	0.0250577	0.691386	0.0490845	0.0432005	0.00386297	2.66612e-07	2.08975e-07	0.734587	0.0529476	1.13861	0.0927944	0.0432005	0.00386297	2.66612e-07	5.13137e-08	1.18181	0.0966574	60	46	1
39	la_	6	1.11568	0.605942	0.044473	0.122163	0.0159766	7.13524	1.0864	3217.42	4889.33	0.069657	0.00564365	0.00117079	0.000183627	9.42701e-07	2.53804e-07	0.0708288	0.00582753	0.100807	0.00895549	0.00314556	0.000511816	9.74675e-07	2.6223e-07	0.103954	0.00946757	0.174666	0.0193152	0.0146624	0.0025273	2.87426e-07	2.53804e-07	0.189328	0.0218428	0.298718	0.0375056	0.0146624	0.0025273	2.87426e-07	7.63104e-08	0.31338	0.040033	20	14	1
