E	part	mass	beta	beta_err	temp	temp_err	n(v-prof.)	n_err	norm	norm_err	dETdEta_d	dETdEta_d_err	dETdEta_left	dETdEta_leftErr	dETdEta_right	dETdEta_rightErr
0	pi-	0.13957	0.76945	0.0289299	0.077771	0.00709861	4.05539	0.618016	22243.6	9061.18	7.11245	0.467489	3.35204	ETlErr	0.00842914	ETrErr
0	pi-	0.13957	0.785691	0.0379844	0.0716691	0.00849676	3.56999	0.476283	25940	14022.6	5.75582	0.378229	2.9181	ETlErr	0.00564047	ETrErr
0	pi-	0.13957	0.763587	0.0244642	0.079974	0.00630409	4.4968	0.694638	12438.6	4393.23	4.42008	0.290209	2.07122	ETlErr	0.00535617	ETrErr
0	pi-	0.13957	0.758273	0.0264545	0.0787088	0.00648556	4.35859	0.679468	9208.07	3411.24	3.00874	0.197737	1.4537	ETlErr	0.00304386	ETrErr
0	pi-	0.13957	0.751893	0.0324125	0.0764085	0.00723316	3.9281	0.618634	6984.43	2970.63	1.99135	0.130794	0.993924	ETlErr	0.00155776	ETrErr
0	pi-	0.13957	0.747829	0.0347165	0.0744585	0.00780778	3.97562	0.741569	5140.32	2436.48	1.2571	0.082797	0.670633	ETlErr	0.00190308	ETrErr
0	pi-	0.13957	0.724869	0.0375004	0.0753834	0.0087954	4.11135	1.06187	3078.9	1611.22	0.768231	0.0505895	0.421792	ETlErr	0.00140003	ETrErr
0	pi-	0.13957	0.66906	0.0456849	0.0791742	0.0107344	3.74679	1.54496	1348.68	789.375	0.417838	0.0276501	0.219432	ETlErr	0.000525077	ETrErr
0	pi-	0.13957	0.668774	0.0443129	0.0879565	0.00694178	8.08992	5.70381	445.778	153	0.206294	0.0138934	0.10453	ETlErr	0.000746111	ETrErr
0	pi+	0.13957	0.761639	0.0316787	0.0803364	0.00781478	3.73191	0.633913	17539.5	7389.38	6.77295	0.444925	2.93339	ETlErr	0.00920376	ETrErr
0	pi+	0.13957	0.764382	0.0259898	0.0813417	0.00689255	4.26581	0.713715	13807.8	5142.06	5.47242	0.359733	2.42262	ETlErr	0.00778213	ETrErr
0	pi+	0.13957	0.757058	0.0231703	0.0835925	0.00638986	4.5629	0.784985	9426.26	3161.47	4.17871	0.274341	1.8156	ETlErr	0.00603518	ETrErr
0	pi+	0.13957	0.751122	0.0259371	0.0817709	0.00664036	4.32418	0.740659	7154.6	2558.37	2.84363	0.18675	1.28162	ETlErr	0.00333197	ETrErr
0	pi+	0.13957	0.753479	0.0284844	0.078757	0.00681807	4.16122	0.674566	5670.36	2189.76	1.87261	0.123064	0.89568	ETlErr	0.00180433	ETrErr
0	pi+	0.13957	0.734705	0.0233173	0.0814306	0.00630213	4.93753	1.01344	3238.98	1122.4	1.18249	0.0777974	0.578172	ETlErr	0.00145843	ETrErr
0	pi+	0.13957	0.735996	0.0325534	0.0753506	0.00727371	4.23318	0.80355	2866.25	1259.92	0.719601	0.0474977	0.391756	ETlErr	0.000586418	ETrErr
0	pi+	0.13957	0.685968	0.0243822	0.0823512	0.00663975	4.85543	1.47076	1063	377.123	0.389585	0.0258504	0.19832	ETlErr	0.000409965	ETrErr
0	pi+	0.13957	0.630274	0.0313452	0.0845643	0.0101561	4.93951	3.83541	481.833	244.946	0.191113	0.0128913	0.0987833	ETlErr	0.000545093	ETrErr
0	ka-	0.49368	0.696235	0.0175271	0.0891426	0.00859752	6.37627	2.15233	11936.7	8541.19	0.77564	0.0479961	0.130752	ETlErr	0.0069151	ETrErr
0	ka-	0.49368	0.694272	0.016178	0.0864572	0.00666676	5.94705	1.38522	12431.5	7286.29	0.637036	0.0396929	0.110354	ETlErr	0.00516697	ETrErr
0	ka-	0.49368	0.711992	0.0172656	0.0793636	0.00728518	5.48888	1.0613	17914.4	13366.9	0.460812	0.0282809	0.0860039	ETlErr	0.00343554	ETrErr
0	ka-	0.49368	0.704703	0.0212827	0.0724453	0.00705202	5.06337	0.772228	27110.5	23060.4	0.310613	0.019298	0.0647775	ETlErr	0.00149193	ETrErr
0	ka-	0.49368	0.669542	0.018497	0.0812073	0.00777868	6.13221	1.80203	6771.08	5174.11	0.198513	0.0125532	0.039551	ETlErr	0.000892737	ETrErr
0	ka-	0.49368	0.723145	0.0386226	0.0855203	0.00549753	13.5558	5.89776	2891.16	1449.34	0.118554	0.00771285	0.0256415	ETlErr	0.00100032	ETrErr
0	ka-	0.49368	0.658771	0.039813	0.0818001	0.00694781	10.6182	5.99883	2329.84	1579.66	0.0652648	0.00454424	0.0151412	ETlErr	0.000276653	ETrErr
0	ka-	0.49368	0.819585	0.105429	0.0838457	0.00481463	33.3095	24.0255	883.292	406.216	0.0283301	0.00218744	0.00709209	ETlErr	0.00058947	ETrErr
0	ka-	0.49368	0.970499	0.0747595	0.085185	0.00310003	88.605	41.9859	334.636	97.5366	0.011758	0.00113077	0.00304985	ETlErr	0.000842141	ETrErr
0	ka+	0.49368	0.746462	0.0201618	0.0777732	0.00665323	4.37141	0.426034	87738	61873.1	2.12732	0.132107	0.343489	ETlErr	0.00787268	ETrErr
0	ka+	0.49368	0.721805	0.021396	0.0816193	0.00737729	4.48549	0.59584	50547.7	36241.8	1.7803	0.109143	0.285539	ETlErr	0.00850864	ETrErr
0	ka+	0.49368	0.74252	0.0189968	0.0752614	0.00618067	4.51548	0.431034	71469.7	49829.6	1.26911	0.0771789	0.220612	ETlErr	0.00560019	ETrErr
0	ka+	0.49368	0.728075	0.0165179	0.0785108	0.00567332	5.26124	0.607525	35726	21274	0.865298	0.0527162	0.15641	ETlErr	0.00338222	ETrErr
0	ka+	0.49368	0.711695	0.0182514	0.0787458	0.00662036	5.21199	0.794678	21717.4	14945.9	0.529893	0.0324139	0.097737	ETlErr	0.00256411	ETrErr
0	ka+	0.49368	0.725983	0.0133754	0.078884	0.00579097	6.83703	1.27254	13260.9	8009.07	0.310301	0.0193068	0.062496	ETlErr	0.00231259	ETrErr
0	ka+	0.49368	0.695767	0.0169697	0.0752337	0.00624689	6.21606	1.20458	11107.9	7844.53	0.169049	0.0109091	0.036754	ETlErr	0.000739995	ETrErr
0	ka+	0.49368	0.661414	0.0216345	0.0750868	0.0082368	6.05776	1.87055	5295.49	4919.98	0.0769829	0.00518514	0.0174299	ETlErr	0.000354797	ETrErr
0	ka+	0.49368	0.722477	0.0555688	0.0851217	0.00328509	16.801	6.43373	809.714	245.56	0.0308853	0.00244018	0.00705241	ETlErr	0.000461248	ETrErr
0	pba	0.93827	0.645329	0.0632361	0.0880345	0.00536132	2.55813	0.795285	31391.7	24358.4	0.0630858	0.0058783	0.0151379	ETlErr	0.012133	ETrErr
0	pba	0.93827	0.684089	0.0293865	0.0568365	0.00337382	2.43994	0.497399	1.95541e+07	2.03816e+07	0.0521595	0.00502569	0.0152325	ETlErr	0.00710259	ETrErr
0	pba	0.93827	0.6171	0.0534252	0.0817486	0.00921126	2.94035	1.20943	58463.8	85682.8	0.0421751	0.00377478	0.012191	ETlErr	0.00555667	ETrErr
0	pba	0.93827	0.623722	0.0467337	0.0756845	0.00278985	3.08537	0.870937	126297	67857	0.0308307	0.00284859	0.00967892	ETlErr	0.00361752	ETrErr
0	pba	0.93827	0.637988	0.0642097	0.07836	0.00438404	4.40428	1.53681	61897	51050.1	0.0226523	0.00217786	0.00807927	ETlErr	0.00253188	ETrErr
0	pba	0.93827	0.667735	0.0570697	0.0707474	0.0100448	5.59866	2.04831	196031	441018	0.0149683	0.00154146	0.00646798	ETlErr	0.00155919	ETrErr
0	pba	0.93827	0.500031	0.394084	0.0513065	0.00458243	2.15365	0.59003	3.20967e+07	5.44017e+07	0.00855483	0.000949646	0.00444027	ETlErr	0.000635366	ETrErr
0	pba	0.93827	0.500008	0.359572	0.0480849	0.00408575	2.71656	0.794772	6.93313e+07	1.19261e+08	0.00431869	0.000560626	0.00271039	ETlErr	0.000250102	ETrErr
0	pba	0.93827	0.547231	0.258778	0.0489818	0.00547555	3.79555	4.39882	2.6241e+07	6.02874e+07	0.00196596	0.000349255	0.00152872	ETlErr	0.000515795	ETrErr
0	pro	0.93827	0.582598	0.0230738	0.106599	0.00559251	2.75658	0.597923	498403	270605	1.49382	0.126991	0.0489906	ETlErr	0.0612862	ETrErr
0	pro	0.93827	0.600261	0.0785068	0.101908	0.0294261	2.95215	0.827848	692817	2.18288e+06	1.24503	0.105841	0.043178	ETlErr	0.0494016	ETrErr
0	pro	0.93827	0.562702	0.0664564	0.104829	0.0227045	3.12626	0.964626	392865	912507	0.886737	0.0747862	0.0339267	ETlErr	0.0270347	ETrErr
0	pro	0.93827	0.589905	0.0191816	0.1008	0.00541935	3.81311	0.576998	409182	244217	0.569155	0.0479973	0.0240114	ETlErr	0.0174042	ETrErr
0	pro	0.93827	0.603346	0.075979	0.0970048	0.0430738	4.6169	3.30403	438272	2.23177e+06	0.363594	0.0306147	0.0174968	ETlErr	0.0100021	ETrErr
0	pro	0.93827	0.596446	0.0425331	0.0871118	0.015711	4.46674	1.00953	970353	2.20815e+06	0.199782	0.0167575	0.0114064	ETlErr	0.00350712	ETrErr
0	pro	0.93827	0.599124	0.0475954	0.0852617	0.0210082	5.44393	1.81235	751047	2.38959e+06	0.10693	0.00900692	0.0069956	ETlErr	0.00160417	ETrErr
0	pro	0.93827	0.578512	0.0243987	0.0926253	0.00496153	8.90366	2.72728	139862	91568.7	0.0493485	0.00419371	0.00364161	ETlErr	0.000597039	ETrErr
0	pro	0.93827	0.651851	0.0259653	0.0562351	0.0104281	8.81862	1.15604	1.29892e+08	4.59143e+08	0.018243	0.00166041	0.00250727	ETlErr	8.33317e-05	ETrErr
0	pi-	0.13957	0.769761	0.0169977	0.0859465	0.00543871	5.50624	0.913636	18839.1	5300.26	9.3104	0.611114	3.9921	ETlErr	0.0173507	ETrErr
0	pi-	0.13957	0.769416	0.0189392	0.0846358	0.00568864	5.07217	0.815361	15563.2	4632.24	7.26137	0.476721	3.12848	ETlErr	0.0129381	ETrErr
0	pi-	0.13957	0.77057	0.0161732	0.0860636	0.00523623	5.71445	0.935067	11176.8	3039.44	5.51101	0.361648	2.38271	ETlErr	0.0102277	ETrErr
0	pi-	0.13957	0.770533	0.016406	0.0855039	0.00524004	5.69161	0.922514	7794.87	2141.44	3.71785	0.244024	1.62768	ETlErr	0.00664378	ETrErr
0	pi-	0.13957	0.761366	0.0213405	0.0816004	0.00575296	4.85952	0.753089	6520.22	2064.44	2.50929	0.164666	1.16495	ETlErr	0.00318502	ETrErr
0	pi-	0.13957	0.758709	0.0224544	0.0801865	0.00575589	4.72944	0.714231	4451.12	1442.77	1.56651	0.102822	0.750448	ETlErr	0.00172164	ETrErr
0	pi-	0.13957	0.750307	0.0246251	0.0783416	0.00587172	4.56836	0.69334	3011.96	1026.65	0.932935	0.0612777	0.470068	ETlErr	0.0007725	ETrErr
0	pi-	0.13957	0.733632	0.0283293	0.0771146	0.00665563	4.35757	0.848754	1887.98	734.299	0.530573	0.0349312	0.279707	ETlErr	0.000766393	ETrErr
0	pi-	0.13957	0.705595	0.0363708	0.076913	0.00787499	3.86093	0.944704	990.045	448.165	0.272968	0.0180727	0.145353	ETlErr	0.00027539	ETrErr
0	pi+	0.13957	0.765781	0.0179134	0.0876521	0.00575829	5.16926	0.904128	16239.1	4648.57	9.00589	0.591283	3.64902	ETlErr	0.0185567	ETrErr
0	pi+	0.13957	0.762604	0.0203071	0.0864894	0.00615755	4.77362	0.840364	13294.9	4102.64	7.00694	0.460068	2.85524	ETlErr	0.0133493	ETrErr
0	pi+	0.13957	0.765495	0.0200384	0.085127	0.00595406	4.86568	0.811595	10939.6	3356.2	5.29764	0.347612	2.23633	ETlErr	0.00944538	ETrErr
0	pi+	0.13957	0.770669	0.0162061	0.0870376	0.00536907	5.6535	0.954607	6799.81	1859.53	3.56832	0.234297	1.50066	ETlErr	0.00715359	ETrErr
0	pi+	0.13957	0.763078	0.0162422	0.0863074	0.00520262	5.78744	0.982839	4872.72	1313.89	2.40689	0.157987	1.0501	ETlErr	0.00399656	ETrErr
0	pi+	0.13957	0.762656	0.0167336	0.0845299	0.00508549	5.71407	0.925148	3386.76	920.027	1.50248	0.0986917	0.683112	ETlErr	0.00219462	ETrErr
0	pi+	0.13957	0.748073	0.0186991	0.0826742	0.00520025	5.47276	0.9161	2277.42	650.428	0.891173	0.0585668	0.428051	ETlErr	0.000914153	ETrErr
0	pi+	0.13957	0.728474	0.0170676	0.0839929	0.00531142	6.07822	1.40874	1245.92	355.443	0.503889	0.0331501	0.248306	ETlErr	0.000923341	ETrErr
0	pi+	0.13957	0.705217	0.0201329	0.083185	0.00585744	5.54825	1.49878	677.222	212.76	0.25911	0.0171802	0.130827	ETlErr	0.000345647	ETrErr
0	ka-	0.49368	0.712793	0.0220575	0.0823342	0.0080729	4.52697	0.734768	33582.8	25901.2	1.25295	0.0762684	0.202975	ETlErr	0.00828898	ETrErr
0	ka-	0.49368	0.724698	0.0158675	0.0835976	0.00662291	5.36364	0.873133	25464.1	15760	1.04585	0.0638162	0.175007	ETlErr	0.00769061	ETrErr
0	ka-	0.49368	0.733377	0.0171855	0.0780099	0.00641152	5.03606	0.645488	32224.9	21867.2	0.750263	0.0454615	0.133308	ETlErr	0.00482019	ETrErr
0	ka-	0.49368	0.727808	0.0163748	0.0790441	0.00627851	5.35672	0.745269	19215.9	12490.3	0.49024	0.0297982	0.0886525	ETlErr	0.00295844	ETrErr
0	ka-	0.49368	0.716492	0.0167662	0.0798689	0.00625805	5.38044	0.807342	11258	7148.19	0.310142	0.018976	0.0563022	ETlErr	0.00167115	ETrErr
0	ka-	0.49368	0.722037	0.0129863	0.0779381	0.00516085	7.03723	1.09578	9278.55	5128.8	0.193622	0.0119753	0.0402388	ETlErr	0.000834787	ETrErr
0	ka-	0.49368	0.724888	0.013455	0.081454	0.00459722	8.76907	1.72849	3441.64	1570.59	0.100912	0.00638069	0.0210132	ETlErr	0.000465159	ETrErr
0	ka-	0.49368	0.676738	0.0200893	0.0757482	0.0093031	6.53988	2.51063	3154.79	3259.09	0.0493194	0.00322686	0.011138	ETlErr	0.000433999	ETrErr
0	ka-	0.49368	0.79493	0.021591	0.0748031	0.00122949	16.8354	1.97016	1751.39	280.161	0.0218679	0.00156775	0.00597291	ETlErr	0.000506854	ETrErr
0	ka+	0.49368	0.733751	0.0190399	0.0836508	0.00639196	4.26213	0.455773	58328.5	34719.8	2.6119	0.158599	0.385218	ETlErr	0.0115611	ETrErr
0	ka+	0.49368	0.735605	0.0204473	0.0794727	0.00643705	4.24541	0.406301	73380.6	48229.4	2.13127	0.129363	0.336529	ETlErr	0.0075403	ETrErr
0	ka+	0.49368	0.747909	0.01941	0.0751533	0.00594118	4.23539	0.342267	83992.1	56459.3	1.51703	0.0917926	0.252442	ETlErr	0.00494848	ETrErr
0	ka+	0.49368	0.752261	0.0177426	0.0736732	0.00546867	4.48404	0.348468	65879.7	42350.5	0.981134	0.0594891	0.171515	ETlErr	0.00300646	ETrErr
0	ka+	0.49368	0.736653	0.0139355	0.0858123	0.0057043	5.81927	0.764887	12143.2	6229.49	0.618199	0.0376095	0.100529	ETlErr	0.00261194	ETrErr
0	ka+	0.49368	0.746382	0.0127527	0.0767921	0.00463041	6.24724	0.626513	19358.9	9884.4	0.375536	0.0228997	0.0733797	ETlErr	0.00102975	ETrErr
0	ka+	0.49368	0.744256	0.0142055	0.0731753	0.00472914	5.86283	0.55725	14998.3	8495.67	0.190799	0.0120428	0.039011	ETlErr	0.000411596	ETrErr
0	ka+	0.49368	0.72019	0.0147782	0.0751916	0.00564092	6.40278	1.00093	6094.23	3910.54	0.094038	0.00594845	0.0199778	ETlErr	0.000359356	ETrErr
0	ka+	0.49368	0.698249	0.02019	0.071885	0.00845177	6.04235	1.49553	4319.71	4469.4	0.0436029	0.00293374	0.00999558	ETlErr	0.000163139	ETrErr
0	pba	0.93827	0.594182	0.0469213	0.0934369	0.0127852	2.15939	0.378726	55797.2	90273.2	0.270562	0.022793	0.0535676	ETlErr	0.00291354	ETrErr
0	pba	0.93827	0.656669	0.0487078	0.075484	0.0151439	2.52526	0.335696	728483	2.07499e+06	0.215928	0.0183003	0.0492962	ETlErr	0.00195287	ETrErr
0	pba	0.93827	0.626115	0.0659654	0.0800383	0.0187096	2.50569	0.371628	267598	842904	0.173331	0.014427	0.0404818	ETlErr	0.00132622	ETrErr
0	pba	0.93827	0.614648	0.030414	0.0851513	0.00935955	3.27843	0.545423	91661.9	130261	0.12305	0.0102721	0.0325452	ETlErr	0.00138527	ETrErr
0	pba	0.93827	0.599327	0.0258704	0.0861256	0.00547764	4.01474	0.661148	60687.4	50377.8	0.08689	0.00729254	0.0260515	ETlErr	0.00117221	ETrErr
0	pba	0.93827	0.634545	0.0426831	0.0652542	0.0166923	4.41292	0.738913	2.32131e+06	9.67512e+06	0.0547357	0.00464016	0.0221982	ETlErr	0.000673799	ETrErr
0	pba	0.93827	0.636834	0.0284776	0.070204	0.0327666	6.35489	4.10331	503343	3.59053e+06	0.033926	0.00294071	0.0153861	ETlErr	0.000680829	ETrErr
0	pba	0.93827	0.710319	0.145213	0.0733712	0.0146425	12.5631	10.6443	163044	478191	0.0181595	0.00162509	0.00991335	ETlErr	0.00156346	ETrErr
0	pba	0.93827	0.994024	0.486887	0.0715188	0.00628559	22.7172	5.47377	135343	187478	0.00894663	0.000889925	0.0058258	ETlErr	0.00507919	ETrErr
0	pro	0.93827	0.569629	0.0246292	0.108303	0.00227547	2.77609	0.561868	351020	76316.8	1.223	0.103737	0.0407971	ETlErr	0.0473373	ETrErr
0	pro	0.93827	0.599204	0.0280622	0.1121	0.00784405	3.76702	0.699528	196882	148745	0.954563	0.0811973	0.0329097	ETlErr	0.0456111	ETrErr
0	pro	0.93827	0.609473	0.024088	0.104426	0.00540603	3.67769	0.665491	311529	177042	0.695711	0.0590232	0.0257853	ETlErr	0.0292195	ETrErr
0	pro	0.93827	0.623655	0.0150467	0.0992589	0.00676796	4.17652	0.682158	377701	295606	0.450962	0.0381717	0.0187583	ETlErr	0.0171943	ETrErr
0	pro	0.93827	0.633932	0.0483223	0.0973614	0.0370112	5.05342	3.21142	316118	1.37665e+06	0.281049	0.0237518	0.0131025	ETlErr	0.0101067	ETrErr
0	pro	0.93827	0.61923	0.045781	0.0869182	0.0202697	4.82825	1.28561	782026	2.31005e+06	0.158914	0.0133417	0.00894738	ETlErr	0.00343118	ETrErr
0	pro	0.93827	0.62676	0.0161642	0.0918348	0.00435067	7.40549	1.34134	232221	135091	0.0836469	0.00702686	0.00531506	ETlErr	0.00187295	ETrErr
0	pro	0.93827	0.603971	0.0339535	0.0787312	0.0130604	6.03929	1.22054	869995	2.00856e+06	0.0385257	0.00324754	0.00299046	ETlErr	0.000423643	ETrErr
0	pro	0.93827	0.636072	0.0384654	0.0905299	0.010833	13.9806	8.0311	69241.7	103089	0.0170959	0.00148771	0.00141605	ETlErr	0.00026925	ETrErr
0	pi-	0.13957	0.789556	0.0139012	0.0878011	0.00504011	6.00663	0.938504	22012.3	5615.73	12.1849	0.800444	4.98986	ETlErr	0.0333552	ETrErr
0	pi-	0.13957	0.793007	0.013797	0.0872445	0.00506228	6.14375	0.96019	18368.9	4768.26	9.81865	0.645053	4.08487	ETlErr	0.0270041	ETrErr
0	pi-	0.13957	0.790712	0.0127715	0.0883015	0.00480888	6.29824	0.957661	13294	3223.99	7.48924	0.491943	3.07383	ETlErr	0.0208725	ETrErr
0	pi-	0.13957	0.792568	0.0128805	0.0875683	0.00476831	6.5067	1.00724	9385.54	2302.23	5.0288	0.330309	2.11763	ETlErr	0.0134766	ETrErr
0	pi-	0.13957	0.792876	0.0122141	0.0873803	0.00453579	6.90667	1.05542	6396.43	1511.63	3.33542	0.219079	1.43767	ETlErr	0.00851203	ETrErr
0	pi-	0.13957	0.787076	0.0124182	0.0868127	0.00443659	6.93167	1.0523	4150.16	970.693	2.07417	0.136201	0.915035	ETlErr	0.00462781	ETrErr
0	pi-	0.13957	0.780809	0.0127614	0.0857733	0.00436217	6.90769	1.04364	2675.48	626.755	1.24594	0.0817988	0.568478	ETlErr	0.00234495	ETrErr
0	pi-	0.13957	0.77058	0.0138741	0.0839966	0.00430762	6.59035	0.965038	1630.43	387.709	0.678942	0.0445861	0.323996	ETlErr	0.000983178	ETrErr
0	pi-	0.13957	0.752951	0.0150188	0.0835454	0.00456849	6.40666	1.12434	885.239	222.375	0.352939	0.023209	0.173164	ETlErr	0.000567542	ETrErr
0	pi+	0.13957	0.782079	0.0154944	0.0889064	0.00550867	5.55437	0.935252	19955.8	5396.42	11.9325	0.78383	4.68825	ETlErr	0.0328562	ETrErr
0	pi+	0.13957	0.785963	0.0141829	0.0893079	0.00528255	5.98221	1.00729	15935.8	4148.48	9.60372	0.630948	3.80826	ETlErr	0.0273935	ETrErr
0	pi+	0.13957	0.784999	0.0133558	0.0897298	0.005	6.08707	0.972265	11929.1	2927.23	7.32007	0.480832	2.89523	ETlErr	0.0208696	ETrErr
0	pi+	0.13957	0.788136	0.012777	0.0895489	0.00486604	6.55226	1.08192	8218.46	1989.44	4.91221	0.32266	1.98873	ETlErr	0.0138136	ETrErr
0	pi+	0.13957	0.787965	0.0125874	0.0883234	0.00467857	6.73279	1.07379	5890.53	1406.9	3.25201	0.213563	1.36819	ETlErr	0.00828543	ETrErr
0	pi+	0.13957	0.784718	0.0123891	0.0877942	0.00448546	6.93723	1.08977	3823.94	888.531	2.02143	0.132735	0.8735	ETlErr	0.0046253	ETrErr
0	pi+	0.13957	0.781143	0.0122021	0.0869795	0.00430966	7.19407	1.12019	2444	556.756	1.21328	0.0796716	0.543503	ETlErr	0.00241951	ETrErr
0	pi+	0.13957	0.770748	0.0121191	0.0872514	0.00417431	7.50543	1.22587	1340.59	296.283	0.66176	0.0434604	0.302041	ETlErr	0.00110188	ETrErr
0	pi+	0.13957	0.754655	0.0148829	0.0838709	0.00445718	6.43042	1.04974	842.591	206.456	0.343641	0.0226147	0.166871	ETlErr	0.000385813	ETrErr
0	ka-	0.49368	0.755369	0.0138942	0.0845287	0.00578019	5.37512	0.608033	41679.3	22206.8	1.95634	0.118641	0.305188	ETlErr	0.0107748	ETrErr
0	ka-	0.49368	0.754067	0.0148177	0.0816459	0.00560639	5.12115	0.515572	45342	24906.8	1.60834	0.0975351	0.258805	ETlErr	0.00766308	ETrErr
0	ka-	0.49368	0.749102	0.0158743	0.0796487	0.00552107	4.89181	0.457576	41187.1	23261.8	1.18919	0.0718966	0.195807	ETlErr	0.00480509	ETrErr
0	ka-	0.49368	0.757241	0.0123806	0.080951	0.00486976	5.94397	0.593528	25615.4	12491.1	0.81168	0.0491178	0.140883	ETlErr	0.00353486	ETrErr
0	ka-	0.49368	0.762116	0.0110583	0.0787629	0.00436026	6.52909	0.619401	21245.2	9789.18	0.519398	0.0314651	0.0971378	ETlErr	0.0020253	ETrErr
0	ka-	0.49368	0.749619	0.0106935	0.0786386	0.00399832	7.16268	0.708977	13723.6	5833.57	0.318099	0.0192719	0.0631115	ETlErr	0.000938429	ETrErr
0	ka-	0.49368	0.742499	0.0114807	0.0751113	0.00391318	7.04442	0.668163	11715.4	5290.61	0.179281	0.0109295	0.0382905	ETlErr	0.000378363	ETrErr
0	ka-	0.49368	0.727324	0.0129391	0.0723619	0.0044444	6.7673	0.79279	8335.91	4540.64	0.0896483	0.00551356	0.0204176	ETlErr	0.000307097	ETrErr
0	ka-	0.49368	0.719861	0.0177993	0.0659216	0.00591966	5.88144	0.768804	9259.08	7893.92	0.0416456	0.00265216	0.0103711	ETlErr	0.000146165	ETrErr
0	ka+	0.49368	0.760366	0.0139454	0.0854615	0.00595814	5.17359	0.583529	59377.2	31927.3	3.10538	0.18843	0.464458	ETlErr	0.0198648	ETrErr
0	ka+	0.49368	0.767053	0.0125875	0.0854313	0.00562305	5.49092	0.609183	49409.5	25149.8	2.55423	0.15517	0.388407	ETlErr	0.0173266	ETrErr
0	ka+	0.49368	0.766789	0.0126205	0.0838114	0.00542883	5.49536	0.576103	42465.6	21605.2	1.87097	0.113439	0.292924	ETlErr	0.0116425	ETrErr
0	ka+	0.49368	0.768202	0.01188	0.081994	0.00503611	5.82808	0.583366	35104.6	17284.4	1.26567	0.0766735	0.209787	ETlErr	0.00703781	ETrErr
0	ka+	0.49368	0.763302	0.0134606	0.0735944	0.00455376	5.35542	0.414001	55587.4	30037.1	0.785425	0.0474968	0.147662	ETlErr	0.0025944	ETrErr
0	ka+	0.49368	0.754971	0.0132127	0.0738075	0.00438866	5.71909	0.462104	33725.7	17513.4	0.473984	0.0286733	0.0929917	ETlErr	0.00131302	ETrErr
0	ka+	0.49368	0.764912	0.0101496	0.0760896	0.00391556	7.1905	0.650384	15116.6	6685.27	0.265397	0.0161734	0.0542279	ETlErr	0.000865344	ETrErr
0	ka+	0.49368	0.770309	0.00955901	0.0761292	0.00417803	8.48925	1.0442	7699.46	3631.9	0.130369	0.00805832	0.0282855	ETlErr	0.000904272	ETrErr
0	ka+	0.49368	0.770996	0.0115926	0.0759202	0.00431488	9.41101	1.483	3873.5	1893.88	0.0621679	0.00389442	0.0141042	ETlErr	0.000586847	ETrErr
0	pba	0.93827	0.667784	0.0222041	0.0875702	0.00720328	2.50535	0.304535	341897	357776	0.785487	0.0649346	0.150435	ETlErr	0.0140255	ETrErr
0	pba	0.93827	0.653966	0.0188677	0.084109	0.00507855	2.43606	0.286679	473397	373164	0.635862	0.0524158	0.12873	ETlErr	0.00848804	ETrErr
0	pba	0.93827	0.654702	0.0487641	0.0880054	0.0183019	2.94182	0.416955	222609	574397	0.504857	0.0415055	0.110315	ETlErr	0.00719138	ETrErr
0	pba	0.93827	0.661111	0.0163799	0.0861451	0.00439995	3.50425	0.405027	221184	143656	0.36161	0.0297136	0.0885616	ETlErr	0.00466375	ETrErr
0	pba	0.93827	0.646143	0.0212517	0.0851736	0.00772354	4.07618	0.499917	188893	221619	0.248053	0.0203339	0.0690217	ETlErr	0.00233771	ETrErr
0	pba	0.93827	0.658069	0.0233719	0.0880558	0.0138606	5.85354	1.38751	87780	173366	0.162368	0.0133406	0.0507081	ETlErr	0.00156926	ETrErr
0	pba	0.93827	0.669898	0.00957892	0.0662556	0.000982392	5.56401	0.584026	3.37787e+06	810842	0.0996739	0.00820532	0.0419177	ETlErr	0.000427698	ETrErr
0	pba	0.93827	0.623893	0.0241031	0.0778586	0.0158367	7.41513	2.55734	175969	502390	0.0543002	0.0044974	0.0230962	ETlErr	0.000290759	ETrErr
0	pba	0.93827	0.644723	0.0460903	0.0781043	0.0123296	12.5642	7.5227	93339.3	206939	0.0269999	0.00229678	0.0133944	ETlErr	0.000305332	ETrErr
0	pro	0.93827	0.641853	0.0485212	0.0965218	0.0197379	2.7909	0.485159	928466	2.17342e+06	0.98294	0.0840279	0.0310704	ETlErr	0.0493593	ETrErr
0	pro	0.93827	0.706684	0.0114797	0.0770428	0.000342525	3.29684	0.353601	1.35169e+07	1.1761e+06	0.775368	0.066427	0.0293075	ETlErr	0.0373051	ETrErr
0	pro	0.93827	0.69865	0.0319202	0.0838403	0.016125	3.71634	0.499436	3.35691e+06	8.40532e+06	0.578436	0.0495372	0.0224456	ETlErr	0.0307117	ETrErr
0	pro	0.93827	0.6846	0.0333216	0.0761693	0.0133038	3.66214	0.408647	8.43884e+06	2.09202e+07	0.361663	0.0306908	0.0163778	ETlErr	0.0122728	ETrErr
0	pro	0.93827	0.675242	0.0306784	0.0776992	0.0127244	4.26006	0.516624	4.17378e+06	9.55833e+06	0.214561	0.0181386	0.010998	ETlErr	0.00650025	ETrErr
0	pro	0.93827	0.685263	0.0225077	0.0786805	0.0108241	5.17689	0.669325	2.26614e+06	4.32867e+06	0.12941	0.0109574	0.00727106	ETlErr	0.00425031	ETrErr
0	pro	0.93827	0.668042	0.0177639	0.0776539	0.00693637	6.17266	0.754621	1.6123e+06	2.03314e+06	0.0666462	0.00560847	0.00450821	ETlErr	0.00156187	ETrErr
0	pro	0.93827	0.672348	0.0169666	0.0771188	0.00832549	7.25375	1.04333	956816	1.47168e+06	0.0333855	0.00281642	0.00248915	ETlErr	0.000747604	ETrErr
0	pro	0.93827	0.660718	0.00993771	0.0670461	0.00100479	7.24063	0.801173	3.85712e+06	934135	0.014461	0.00122688	0.00135781	ETlErr	0.000171432	ETrErr
0	pi-	0.13957	0.797722	0.0139064	0.0877429	0.005229	5.97144	0.936629	24162.5	6388.99	13.5004	0.887307	5.45606	ETlErr	0.0422051	ETrErr
0	pi-	0.13957	0.799454	0.0131452	0.0881691	0.00505568	6.24004	0.97454	19590.2	5004.5	11.1093	0.730208	4.4995	ETlErr	0.0355964	ETrErr
0	pi-	0.13957	0.795007	0.0129182	0.0901768	0.00506289	6.27131	1.02814	13120.1	3244.72	8.29889	0.545499	3.23207	ETlErr	0.0278785	ETrErr
0	pi-	0.13957	0.797113	0.0119159	0.089504	0.00477839	6.45552	0.975767	9295.57	2199.83	5.62609	0.369779	2.24077	ETlErr	0.018396	ETrErr
0	pi-	0.13957	0.796774	0.0113932	0.0904521	0.00453522	6.94002	1.11455	5869.58	1308.79	3.67764	0.241688	1.46648	ETlErr	0.0120265	ETrErr
0	pi-	0.13957	0.794487	0.0116626	0.0898026	0.0045438	7.08258	1.12912	3809.81	867.365	2.28115	0.149874	0.932456	ETlErr	0.00681972	ETrErr
0	pi-	0.13957	0.794419	0.0112404	0.0889643	0.00433454	7.53308	1.17999	2406.83	535.551	1.35115	0.0887522	0.574028	ETlErr	0.00366692	ETrErr
0	pi-	0.13957	0.786871	0.0111553	0.0890456	0.004162	7.8289	1.24922	1336.53	286.941	0.740128	0.0486079	0.320548	ETlErr	0.00173892	ETrErr
0	pi-	0.13957	0.773623	0.0125988	0.0866281	0.00425667	7.13037	1.11467	750.51	169.931	0.362422	0.0238098	0.164922	ETlErr	0.000628599	ETrErr
0	pi+	0.13957	0.789123	0.0144272	0.0902846	0.00545388	5.70826	0.966149	20266.2	5315.28	13.1395	0.863675	4.99061	ETlErr	0.0432327	ETrErr
0	pi+	0.13957	0.791356	0.0137228	0.0902463	0.00529961	6.00725	1.00921	17036.2	4378.57	10.902	0.716585	4.19979	ETlErr	0.0357587	ETrErr
0	pi+	0.13957	0.791936	0.0132031	0.0908753	0.00518168	6.16046	1.03976	12445.5	3105.01	8.20039	0.539006	3.13722	ETlErr	0.0277084	ETrErr
0	pi+	0.13957	0.795669	0.0125486	0.0903439	0.00498508	6.48419	1.0678	8746.77	2134.69	5.54087	0.364203	2.17039	ETlErr	0.0185552	ETrErr
0	pi+	0.13957	0.79607	0.0116111	0.0897114	0.00457246	6.73718	1.07576	6044.98	1369.15	3.65614	0.240265	1.47097	ETlErr	0.01155	ETrErr
0	pi+	0.13957	0.794149	0.0114422	0.0905591	0.00453453	7.27136	1.19079	3635.16	818.18	2.25746	0.148317	0.913909	ETlErr	0.0068908	ETrErr
0	pi+	0.13957	0.788586	0.0111702	0.0910619	0.00431287	7.68364	1.27826	2122.89	454.542	1.32986	0.0873467	0.544566	ETlErr	0.00368125	ETrErr
0	pi+	0.13957	0.78725	0.0109684	0.0895917	0.00410242	7.97782	1.28546	1283.37	269.611	0.73058	0.0479808	0.313862	ETlErr	0.00176239	ETrErr
0	pi+	0.13957	0.781324	0.0107779	0.089792	0.00386418	8.51371	1.39224	627.098	124.887	0.353464	0.0232268	0.154948	ETlErr	0.000748871	ETrErr
0	ka-	0.49368	0.743456	0.0133143	0.089152	0.0056759	5.54112	0.713948	33609.8	15984.6	2.38483	0.144233	0.354845	ETlErr	0.0137097	ETrErr
0	ka-	0.49368	0.756983	0.0125967	0.0869837	0.00555725	5.71025	0.678936	33428.5	16303.3	1.95774	0.11855	0.299772	ETlErr	0.0120188	ETrErr
0	ka-	0.49368	0.76143	0.0116071	0.0865265	0.00526554	6.07399	0.711857	27068.3	12661.2	1.50063	0.0907783	0.236188	ETlErr	0.00921433	ETrErr
0	ka-	0.49368	0.762823	0.010664	0.086334	0.00483558	6.50307	0.750871	19063.8	8242.93	1.02006	0.0616916	0.165465	ETlErr	0.00604057	ETrErr
0	ka-	0.49368	0.760252	0.0103536	0.0864806	0.00467355	6.79136	0.800908	11993.2	5004.24	0.641667	0.0387946	0.106031	ETlErr	0.00357085	ETrErr
0	ka-	0.49368	0.770118	0.00986867	0.0822947	0.00418602	7.32717	0.86452	11147.7	4556.05	0.389968	0.0235867	0.070672	ETlErr	0.0019366	ETrErr
0	ka-	0.49368	0.764937	0.00919091	0.0821624	0.00394843	7.97255	0.856678	6494.4	2530.02	0.21785	0.0131898	0.0412231	ETlErr	0.000931726	ETrErr
0	ka-	0.49368	0.75997	0.00890314	0.0822949	0.00371504	8.99428	1.03807	3315	1217.42	0.109023	0.00660959	0.021612	ETlErr	0.000396715	ETrErr
0	ka-	0.49368	0.745152	0.00971326	0.0803785	0.00355987	8.8087	1.04119	1855.41	678.421	0.0493798	0.00303432	0.0102578	ETlErr	0.000129008	ETrErr
0	ka+	0.49368	0.742979	0.0143672	0.0929167	0.00475606	5.06731	0.556375	32752.7	12246.9	3.30441	0.200346	0.444449	ETlErr	0.0240779	ETrErr
0	ka+	0.49368	0.751973	0.0140071	0.0902923	0.00631966	5.21315	0.687555	33838.2	17481	2.73029	0.165536	0.382791	ETlErr	0.0195119	ETrErr
0	ka+	0.49368	0.754156	0.0127664	0.0909488	0.00595861	5.54583	0.739771	24344.9	11731	2.05131	0.124305	0.291197	ETlErr	0.014936	ETrErr
0	ka+	0.49368	0.769651	0.0115046	0.0874469	0.00547439	5.84128	0.683417	22076.5	10516.2	1.36188	0.0825793	0.204798	ETlErr	0.0101483	ETrErr
0	ka+	0.49368	0.770116	0.0104427	0.0876042	0.00501975	6.45542	0.762014	14167.3	6193.27	0.863358	0.0523071	0.135042	ETlErr	0.00608712	ETrErr
0	ka+	0.49368	0.780407	0.00922547	0.0827786	0.00428217	7.12751	0.720432	14193.5	5891.94	0.531417	0.0321752	0.093073	ETlErr	0.00325287	ETrErr
0	ka+	0.49368	0.776043	0.00906231	0.0817539	0.00403211	7.49079	0.753629	8911.8	3570.04	0.294396	0.0178298	0.0540017	ETlErr	0.00154181	ETrErr
0	ka+	0.49368	0.774229	0.00838225	0.0815844	0.00358905	8.8243	0.919099	4812.61	1734.5	0.149455	0.00906086	0.0293488	ETlErr	0.000669342	ETrErr
0	ka+	0.49368	0.780075	0.00844017	0.0766945	0.00353165	8.7108	0.826633	3602.59	1428.58	0.0656096	0.00401957	0.0139935	ETlErr	0.00025161	ETrErr
0	pba	0.93827	0.687601	0.0540438	0.086004	0.022186	2.51548	0.30671	613117	1.99869e+06	1.14963	0.0950851	0.213348	ETlErr	0.0244195	ETrErr
0	pba	0.93827	0.681164	0.0831045	0.0866332	0.0349844	2.64638	0.344749	481491	2.44287e+06	0.963912	0.079601	0.187183	ETlErr	0.0188819	ETrErr
0	pba	0.93827	0.674879	0.0156569	0.0885009	0.00404826	2.92008	0.354865	301769	174678	0.759939	0.0626045	0.156581	ETlErr	0.0140032	ETrErr
0	pba	0.93827	0.665056	0.0690459	0.0934386	0.0362313	3.62607	1.10071	119853	548572	0.545089	0.044801	0.123408	ETlErr	0.00941461	ETrErr
0	pba	0.93827	0.665327	0.0366478	0.089351	0.0186359	4.22047	0.85606	149897	384978	0.371731	0.0304698	0.0961423	ETlErr	0.00508113	ETrErr
0	pba	0.93827	0.661604	0.0177036	0.089358	0.00718202	5.23322	0.785569	105516	107237	0.244467	0.0199984	0.0708285	ETlErr	0.00278573	ETrErr
0	pba	0.93827	0.651506	0.0247027	0.0815912	0.0113432	5.63651	0.949128	208583	389548	0.139188	0.0113692	0.0475265	ETlErr	0.00097917	ETrErr
0	pba	0.93827	0.649371	0.0186036	0.0786768	0.00893068	7.40687	1.27573	208702	330852	0.0769542	0.00629269	0.0311151	ETlErr	0.000383793	ETrErr
0	pba	0.93827	0.648245	0.0189711	0.0770017	0.00894778	10.1067	2.91072	138107	228723	0.0341684	0.00281296	0.0160898	ETlErr	0.000299136	ETrErr
0	pro	0.93827	0.705832	0.0420722	0.0791196	0.0188007	2.95322	0.329235	9.84709e+06	3.19575e+07	0.881106	0.075696	0.0294662	ETlErr	0.0470457	ETrErr
0	pro	0.93827	0.703605	0.0436401	0.0796258	0.0199408	3.12035	0.354769	7.65459e+06	2.60583e+07	0.721479	0.0619022	0.0253323	ETlErr	0.0374592	ETrErr
0	pro	0.93827	0.711358	0.0112579	0.0761926	0.000334607	3.39405	0.360319	1.10769e+07	965211	0.539164	0.0461959	0.0207663	ETlErr	0.0263344	ETrErr
0	pro	0.93827	0.69571	0.0315921	0.0831414	0.0157876	3.86204	0.520387	2.33972e+06	5.833e+06	0.349473	0.0298639	0.0142536	ETlErr	0.0172525	ETrErr
0	pro	0.93827	0.69451	0.026593	0.0817462	0.0138126	4.47474	0.614292	1.99496e+06	4.50739e+06	0.217109	0.0184818	0.0101476	ETlErr	0.00948314	ETrErr
0	pro	0.93827	0.693107	0.0205343	0.079973	0.0105545	5.25657	0.696364	1.72762e+06	3.12103e+06	0.126254	0.0107102	0.00684695	ETlErr	0.00475508	ETrErr
0	pro	0.93827	0.688549	0.0186343	0.0774388	0.00949958	6.05326	0.792569	1.59081e+06	2.75945e+06	0.0669852	0.00565619	0.00423661	ETlErr	0.00203953	ETrErr
0	pro	0.93827	0.685132	0.0155579	0.0770052	0.00808141	7.46617	1.031	946603	1.41907e+06	0.032785	0.00276158	0.00241222	ETlErr	0.000851158	ETrErr
0	pro	0.93827	0.661179	0.0153107	0.0804872	0.00890143	9.49248	2.01991	228438	348141	0.012989	0.00109215	0.00107697	ETlErr	0.000248593	ETrErr
0	pi-	0.13957	0.800412	0.0139717	0.0903104	0.00557309	5.75787	0.956881	21390.5	5730.98	14.0796	0.92631	5.26299	ETlErr	0.0550371	ETrErr
0	pi-	0.13957	0.802042	0.0136205	0.0905913	0.00549982	5.83602	0.965005	17380.3	4582.31	11.6029	0.763502	4.31869	ETlErr	0.0468873	ETrErr
0	pi-	0.13957	0.806878	0.0130472	0.0898876	0.00534821	6.05646	0.972146	14046.2	3664.09	8.97311	0.590485	3.41254	ETlErr	0.0366603	ETrErr
0	pi-	0.13957	0.809516	0.0122306	0.0900611	0.00511871	6.40781	1.01549	9554.44	2398.7	6.08714	0.400581	2.34104	ETlErr	0.0252179	ETrErr
0	pi-	0.13957	0.80925	0.0111971	0.0904719	0.00480991	6.71264	1.02805	6177.95	1454.65	3.97514	0.261552	1.53868	ETlErr	0.0162548	ETrErr
0	pi-	0.13957	0.807904	0.0103696	0.0906408	0.0044836	7.09217	1.11614	3933.37	863.411	2.51283	0.165279	0.988201	ETlErr	0.00976656	ETrErr
0	pi-	0.13957	0.808715	0.0105475	0.090496	0.00440366	7.76512	1.21824	2476.1	546.575	1.53409	0.100871	0.621696	ETlErr	0.00561352	ETrErr
0	pi-	0.13957	0.806458	0.0104059	0.0900601	0.00425302	8.0258	1.2522	1394.35	300.987	0.832831	0.0547445	0.345617	ETlErr	0.00279949	ETrErr
0	pi-	0.13957	0.802385	0.0104425	0.0896111	0.00414175	8.14211	1.26083	786.817	167.187	0.454037	0.0298427	0.192307	ETlErr	0.00137732	ETrErr
0	pi+	0.13957	0.800694	0.0134945	0.0922001	0.00561186	5.82564	1.00658	19058.4	4987.61	13.9047	0.915235	4.99402	ETlErr	0.0603937	ETrErr
0	pi+	0.13957	0.801649	0.0133216	0.0922738	0.00557686	5.87857	1.01342	15639.2	4067.45	11.4412	0.753126	4.10925	ETlErr	0.0503346	ETrErr
0	pi+	0.13957	0.806472	0.0129618	0.0910971	0.00543857	6.03541	0.999396	12897.9	3349.23	8.82946	0.581208	3.26269	ETlErr	0.0384998	ETrErr
0	pi+	0.13957	0.809846	0.0123203	0.0907407	0.00524283	6.3282	1.02485	8994.16	2281.22	5.98126	0.393717	2.25292	ETlErr	0.0261087	ETrErr
0	pi+	0.13957	0.810103	0.0116133	0.0911954	0.00499987	6.73029	1.09069	5823.31	1410.69	3.90611	0.257073	1.48572	ETlErr	0.0168287	ETrErr
0	pi+	0.13957	0.810461	0.0110393	0.0912311	0.00475856	7.19008	1.15989	3735.68	869.336	2.46728	0.16233	0.957401	ETlErr	0.010225	ETrErr
0	pi+	0.13957	0.814622	0.0103671	0.0902602	0.00444415	7.80362	1.20855	2447.63	547.628	1.50493	0.0989958	0.609278	ETlErr	0.0059628	ETrErr
0	pi+	0.13957	0.80987	0.0103514	0.0899447	0.00429698	7.98411	1.23312	1370.12	299.158	0.817458	0.0537488	0.338035	ETlErr	0.00289631	ETrErr
0	pi+	0.13957	0.809514	0.0102009	0.0893028	0.00416478	8.19176	1.24569	781.098	167.745	0.445731	0.0293093	0.18876	ETlErr	0.00148592	ETrErr
0	ka-	0.49368	0.767617	0.012464	0.0881743	0.0055973	5.06625	0.539053	39081	18629	2.67927	0.162748	0.374151	ETlErr	0.0220854	ETrErr
0	ka-	0.49368	0.76841	0.0133617	0.0847796	0.00572996	5.01798	0.524741	46201.7	24205.1	2.30513	0.139845	0.339109	ETlErr	0.0164214	ETrErr
0	ka-	0.49368	0.778586	0.011607	0.0848512	0.00534285	5.43072	0.55859	34000.9	16641	1.68988	0.102582	0.253443	ETlErr	0.0133945	ETrErr
0	ka-	0.49368	0.781815	0.0109086	0.0830197	0.00499614	5.69487	0.557468	27657.4	13193.1	1.1336	0.0687601	0.17861	ETlErr	0.0083784	ETrErr
0	ka-	0.49368	0.781779	0.0101031	0.0846637	0.00485058	6.25277	0.653519	15612.8	7007.23	0.73371	0.0444916	0.117209	ETlErr	0.00550582	ETrErr
0	ka-	0.49368	0.782109	0.00934317	0.0816088	0.00424541	6.82247	0.652653	13462.2	5673.34	0.452537	0.0273918	0.0793476	ETlErr	0.00277142	ETrErr
0	ka-	0.49368	0.781641	0.00878585	0.0805195	0.00392559	7.48165	0.708238	9055.34	3630.8	0.264142	0.0159802	0.0491671	ETlErr	0.00142415	ETrErr
0	ka-	0.49368	0.784264	0.00830396	0.0822373	0.00378481	8.1445	0.820564	3853.04	1438.36	0.132118	0.0080117	0.024541	ETlErr	0.000762773	ETrErr
0	ka-	0.49368	0.777054	0.00854406	0.0813238	0.00373066	8.36593	0.864797	2188.9	821.879	0.0672585	0.00409969	0.0129579	ETlErr	0.000323353	ETrErr
0	ka+	0.49368	0.76152	0.016006	0.0866376	0.00667216	4.50138	0.503168	56007.8	32726.7	3.42255	0.207803	0.467938	ETlErr	0.025905	ETrErr
0	ka+	0.49368	0.771293	0.0135935	0.0867499	0.00616633	4.93537	0.548942	48766.1	26367.1	2.96579	0.180178	0.41627	ETlErr	0.0245541	ETrErr
0	ka+	0.49368	0.780747	0.011955	0.0863525	0.00574897	5.27267	0.568883	37253.9	18986.1	2.16563	0.131655	0.310777	ETlErr	0.0194056	ETrErr
0	ka+	0.49368	0.789052	0.0101785	0.0860166	0.00516034	5.87679	0.621204	26278.7	12159.3	1.44716	0.0879564	0.216869	ETlErr	0.0134812	ETrErr
0	ka+	0.49368	0.785687	0.0101796	0.0847077	0.00492555	5.98511	0.609528	19276	8758.77	0.925938	0.0562212	0.143989	ETlErr	0.00762221	ETrErr
0	ka+	0.49368	0.799552	0.00831541	0.0849069	0.00433433	7.34524	0.756971	12034.5	4835.84	0.565327	0.034324	0.0938074	ETlErr	0.00507028	ETrErr
0	ka+	0.49368	0.792978	0.00830679	0.0817612	0.00398023	7.50543	0.711747	9695.16	3834.02	0.326685	0.0197987	0.0584902	ETlErr	0.002251	ETrErr
0	ka+	0.49368	0.796133	0.00813109	0.0840974	0.00404845	7.9682	0.822434	3844.15	1472.66	0.162516	0.00988398	0.0284108	ETlErr	0.00125685	ETrErr
0	ka+	0.49368	0.795095	0.00797697	0.0809467	0.00368502	8.04874	0.750753	2736.6	1022.55	0.0832093	0.00508837	0.0155181	ETlErr	0.000543724	ETrErr
0	pba	0.93827	0.699487	0.0530407	0.0817023	0.0212938	2.31547	0.273543	1.60844e+06	5.53506e+06	1.60869	0.1331	0.284663	ETlErr	0.0351977	ETrErr
0	pba	0.93827	0.693802	0.0749713	0.081224	0.0305443	2.50761	0.296093	1.56253e+06	7.80867e+06	1.38561	0.114347	0.265952	ETlErr	0.0265704	ETrErr
0	pba	0.93827	0.696478	0.0744093	0.0822496	0.0323883	2.73001	0.317623	1.00576e+06	5.21086e+06	1.02709	0.084739	0.205989	ETlErr	0.0202549	ETrErr
0	pba	0.93827	0.691073	0.0515317	0.0779527	0.0207929	2.98519	0.3344	1.54159e+06	5.68586e+06	0.718263	0.059012	0.163759	ETlErr	0.0106174	ETrErr
0	pba	0.93827	0.721775	0.00850298	0.0652524	0.000980756	3.67779	0.34239	1.6916e+07	4.14126e+06	0.502752	0.0412435	0.145658	ETlErr	0.00589345	ETrErr
0	pba	0.93827	0.676075	0.0171236	0.0906692	0.00476065	5.08249	0.75267	112266	73789.6	0.320766	0.0262546	0.0879632	ETlErr	0.00461986	ETrErr
0	pba	0.93827	0.665141	0.0244572	0.0820509	0.011993	5.43688	0.88256	263015	513595	0.194853	0.0158922	0.0634905	ETlErr	0.00170773	ETrErr
0	pba	0.93827	0.684523	0.00897346	0.0663788	0.000964137	6.03053	0.59396	3.47983e+06	819011	0.104764	0.00853089	0.0447737	ETlErr	0.000547127	ETrErr
0	pba	0.93827	0.657987	0.0151263	0.0799483	0.00767969	8.85475	1.61095	114835	152427	0.0511998	0.00417188	0.0214764	ETlErr	0.000267823	ETrErr
0	pro	0.93827	0.723646	0.0115219	0.0776901	0.000336166	2.76691	0.290694	1.02361e+07	850581	0.773115	0.0668756	0.0232272	ETlErr	0.0498226	ETrErr
0	pro	0.93827	0.704392	0.0602111	0.0808501	0.0273893	2.8391	0.322121	5.2423e+06	2.37673e+07	0.647024	0.0556811	0.0205466	ETlErr	0.0366763	ETrErr
0	pro	0.93827	0.701048	0.0444507	0.0884373	0.024169	3.3691	0.550272	1.29222e+06	4.3755e+06	0.480633	0.0413919	0.0160459	ETlErr	0.031535	ETrErr
0	pro	0.93827	0.707708	0.0122467	0.0871644	0.00108989	3.70131	0.449461	1.0829e+06	145530	0.322236	0.0277341	0.0115354	ETlErr	0.0210678	ETrErr
0	pro	0.93827	0.710644	0.0230758	0.0820766	0.0133537	4.51735	0.603999	1.68673e+06	3.65656e+06	0.201333	0.0172251	0.00896301	ETlErr	0.0107183	ETrErr
0	pro	0.93827	0.699999	0.0223126	0.0854071	0.0134222	4.90407	0.780544	615780	1.24605e+06	0.118072	0.0100714	0.00547906	ETlErr	0.00596633	ETrErr
0	pro	0.93827	0.697773	0.0184332	0.0833588	0.0112805	5.90438	0.936249	521342	932428	0.064961	0.0055137	0.00355911	ETlErr	0.00275702	ETrErr
0	pro	0.93827	0.684903	0.0172753	0.0803495	0.00944824	6.71279	1.00991	457102	736614	0.0309574	0.00261218	0.0020081	ETlErr	0.000955366	ETrErr
0	pro	0.93827	0.683727	0.0146674	0.0795471	0.00799689	8.1688	1.2709	262013	365925	0.013965	0.00117517	0.00103717	ETlErr	0.000374068	ETrErr
