#---------60-80%---------
0.499805 0.131495 0.0142202
0.697754 0.0839673 0.00437698
0.896387 0.0461344 0.00208983
1.09541 0.0256598 0.00122872
1.29463 0.0118833 0.000595352
1.49409 0.0068339 0.000417967
1.69365 0.00301659 0.000192597
1.89331 0.00155334 9.77234e-05
2.13429 0.000628202 3.35034e-05
2.43363 0.000247681 1.37009e-05
2.77026 6.62216e-05 3.79164e-06
3.16943 1.32586e-05 1.23122e-06
3.56885 1.9724e-06 3.71844e-07
3.96838 1.98595e-07 5.5074e-08
#---------40-60%---------
0.500293 0.43175 0.0345462
0.698438 0.303844 0.0116201
0.897168 0.209807 0.00732178
1.09629 0.116679 0.00402773
1.29561 0.0659905 0.00255151
1.49507 0.0349909 0.00150658
1.69468 0.0174747 0.00083767
1.89434 0.0101001 0.000470064
2.13671 0.00399121 0.000148049
2.43608 0.00157189 6.04155e-05
2.77456 0.00045435 1.74454e-05
3.17378 0.000102941 5.34288e-06
3.57324 3.10942e-05 1.89068e-06
3.9728 5.8622e-06 7.75069e-07
4.43961 1.16709e-06 1.64867e-07
5.03884 6.73947e-08 3.02744e-08
#---------30-40%---------
0.500586 0.889797 0.0720826
0.698731 0.65453 0.024687
0.897461 0.424682 0.0136802
1.09658 0.267788 0.0088706
1.29595 0.152731 0.00554356
1.49546 0.0861104 0.00346067
1.69507 0.0541864 0.00264421
1.89478 0.0248665 0.00107736
2.13762 0.0121169 0.000460781
2.43704 0.00388476 0.000154189
2.77627 0.00130254 4.68403e-05
3.17554 0.00032769 1.32947e-05
3.575 6.9232e-05 7.81319e-06
3.97456 1.54632e-05 2.30362e-06
4.44331 2.11141e-06 5.30509e-07
5.04254 3.1307e-07 1.06302e-07
5.64199 1.8583e-08 1.33475e-08
#---------20-30%---------
0.500781 1.32318 0.0872305
0.699121 0.932384 0.0283866
0.897949 0.672286 0.0180082
1.09712 0.457294 0.0129929
1.29648 0.274191 0.00837374
1.49604 0.155612 0.00545826
1.6957 0.0799481 0.00284513
1.89541 0.0458456 0.00166059
2.13905 0.0201284 0.000599263
2.4385 0.00703885 0.000206874
2.77881 0.00224489 6.64884e-05
3.17808 0.000532783 1.848e-05
3.57754 0.000137762 6.14521e-06
3.97715 3.36712e-05 2.30326e-06
4.4488 4.88589e-06 5.18983e-07
5.04807 3.40711e-07 1.25532e-07
5.64752 8.18704e-09 5.84579e-09
#---------10-20%---------
0.500781 1.79599 0.102119
0.699121 1.38687 0.0373897
0.897949 1.03526 0.0246952
1.09717 0.674106 0.0157604
1.29658 0.411959 0.0104735
1.49609 0.234828 0.00670267
1.6957 0.137858 0.00432092
1.89541 0.0724917 0.00223675
2.13916 0.0325158 0.000808396
2.43857 0.0120914 0.00031957
2.779 0.00380658 8.92034e-05
3.17827 0.00084377 2.52481e-05
3.57773 0.000199336 1.00163e-05
3.97734 5.09844e-05 3.74417e-06
4.44917 5.28085e-06 1.32424e-06
5.04844 9.35918e-07 1.8446e-07
5.64792 3.06493e-08 2.63455e-08
#---------5-10%---------
0.500977 2.43613 0.186819
0.699219 1.77267 0.0607409
0.898144 1.37818 0.0407185
1.09736 0.892874 0.0264473
1.29673 0.556701 0.017892
1.49629 0.334147 0.01255
1.6959 0.205884 0.0085523
1.89561 0.0933249 0.00344829
2.1396 0.0480542 0.00156597
2.43909 0.0158626 0.000524214
2.77983 0.00503101 0.000154786
3.1791 0.00120221 4.38029e-05
3.57861 0.000252886 2.18152e-05
3.97822 5.82691e-05 4.54391e-06
4.45104 1.06675e-05 1.50202e-06
5.05034 1.21198e-06 2.93051e-07
5.64976 7.4082e-08 4.41681e-08
#---------0-5%---------
0.500977 3.17016 0.237932
0.699317 2.17027 0.0721988
0.898242 1.65546 0.0467775
1.09746 1.11655 0.0316973
1.29683 0.707833 0.0220995
1.49639 0.425 0.0152401
1.696 0.232716 0.00814959
1.89575 0.127544 0.00451615
2.13989 0.0555166 0.00156844
2.43931 0.0207487 0.000608258
2.78027 0.00661682 0.000198041
3.17959 0.00146705 5.06696e-05
3.5791 0.000319928 1.75903e-05
3.97871 7.7566e-05 5.39823e-06
4.45206 1.28816e-05 1.49667e-06
5.05133 2.03167e-06 4.67349e-07
5.65078 1.26658e-07 8.38152e-08
