#---------60-80%---------
0.299463 0.56421 0.0487747
0.49541 0.271098 0.012151
0.693799 0.126633 0.00458954
0.893115 0.0532124 0.00195355
1.09287 0.0237871 0.00102631
1.29277 0.010719 0.000551788
1.49282 0.00494165 0.00030915
1.69292 0.00201733 0.000128137
1.89307 0.000997998 7.05209e-05
2.13491 0.000365209 2.16326e-05
2.43539 8.37659e-05 6.07939e-06
2.7752 2.69569e-05 2.38727e-06
3.17632 6.12187e-06 9.61277e-07
3.57734 1.60732e-06 4.19419e-07
3.97827 5.38186e-07 2.12425e-07
#---------40-60%---------
0.299707 2.00638 0.130424
0.495703 1.05049 0.0359961
0.694092 0.512193 0.0139475
0.893408 0.233028 0.00644816
1.09312 0.0988056 0.00302572
1.29307 0.0491385 0.00188958
1.49307 0.0223003 0.00100796
1.69316 0.00986027 0.000451092
1.89326 0.00435881 0.000202256
2.13524 0.00162003 6.96741e-05
2.43568 0.000534581 2.56178e-05
2.77559 0.000131335 7.34872e-06
3.17661 3.44203e-05 2.6452e-06
3.57754 6.57825e-06 1.02811e-06
3.97842 2.35988e-06 4.70011e-07
#---------30-40%---------
0.300049 4.18238 0.26561
0.496191 2.04376 0.0645568
0.694531 1.12422 0.0300424
0.893799 0.527301 0.0137639
1.09346 0.241814 0.00730302
1.29331 0.112884 0.0040522
1.49326 0.0526629 0.0021707
1.69326 0.0241772 0.0010534
1.89331 0.0114805 0.000528733
2.13521 0.00373965 0.000138399
2.43542 0.00124885 5.4207e-05
2.7748 0.000339807 1.67497e-05
3.17544 9.05284e-05 6.60536e-06
3.57607 2.0153e-05 2.71946e-06
3.97666 5.24915e-06 1.07291e-06
#---------20-30%---------
0.300195 5.68447 0.273549
0.496387 3.25408 0.0829545
0.694727 1.78105 0.0375911
0.893994 0.856025 0.0179856
1.09365 0.389694 0.00908095
1.29346 0.176526 0.00488831
1.49341 0.0905073 0.00297897
1.69336 0.0452466 0.00159597
1.89341 0.019509 0.000698482
2.13531 0.00648359 0.000197595
2.4355 0.00200287 7.07328e-05
2.7748 0.000540655 2.1941e-05
3.17529 0.000108615 7.22166e-06
3.57578 4.08287e-05 3.55639e-06
3.97627 7.73154e-06 1.55656e-06
#---------10-20%---------
0.300293 7.8766 0.318185
0.496436 5.13694 0.11606
0.694824 2.60729 0.0453074
0.894092 1.2852 0.0225752
1.0937 0.627739 0.0126541
1.29351 0.284564 0.0066645
1.49346 0.14913 0.0043775
1.69341 0.0690498 0.00199364
1.89341 0.0291734 0.000860713
2.13535 0.01038 0.000266331
2.43546 0.0031751 9.25894e-05
2.77471 0.000920139 3.07567e-05
3.17515 0.00020824 1.1368e-05
3.57559 6.04819e-05 4.49481e-06
3.97603 1.1918e-05 2.06969e-06
#---------5-10%---------
0.300293 9.60776 0.484616
0.496484 6.83007 0.200312
0.694873 3.59861 0.0821387
0.894141 1.75647 0.0401652
1.09375 0.833551 0.0212102
1.29355 0.373576 0.0110059
1.49346 0.186687 0.00656537
1.69346 0.0961315 0.00356721
1.89341 0.0406795 0.00149355
2.13535 0.0141884 0.000470088
2.43542 0.00422473 0.000159454
2.77461 0.00129799 5.72847e-05
3.175 0.000246724 1.69803e-05
3.57539 7.34989e-05 7.76529e-06
3.97578 1.48014e-05 3.25155e-06
#---------0-5%---------
0.300244 12.8672 0.606292
0.496387 8.14894 0.206176
0.694775 4.35347 0.0855574
0.894043 2.21601 0.0447334
1.0937 1.0202 0.0229215
1.29351 0.509707 0.013652
1.49341 0.252001 0.00802569
1.69341 0.119126 0.00378205
1.89341 0.0496585 0.00160141
2.13528 0.0173347 0.000501321
2.43542 0.00507808 0.000168566
2.77466 0.00137599 5.13721e-05
3.1751 0.000401382 2.30097e-05
3.57559 8.5886e-05 7.59908e-06
3.97603 1.51201e-05 3.87429e-06
