#---------60-80%---------
0.299561 0.590977 0.0460301
0.495557 0.328178 0.0142498
0.693945 0.15676 0.00554935
0.893286 0.0739297 0.00277616
1.09302 0.0292512 0.00113557
1.29297 0.0129767 0.000608975
1.49304 0.00610811 0.000361429
1.69316 0.00278718 0.000168605
1.89326 0.00145718 0.000105024
2.13535 0.00048009 2.7339e-05
2.43583 0.000160011 9.60676e-06
2.77598 4.65516e-05 3.11261e-06
3.17705 1.27352e-05 1.1695e-06
3.57808 2.8087e-06 4.37855e-07
#---------40-60%---------
0.299805 2.43401 0.155423
0.49585 1.21577 0.040131
0.694238 0.611829 0.0160753
0.893555 0.279434 0.00728897
1.09331 0.126567 0.00372443
1.29326 0.061503 0.00217122
1.49326 0.0264441 0.00105761
1.69336 0.0129122 0.000566291
1.89346 0.00655251 0.000320482
2.13572 0.00248611 0.000101815
2.43616 0.000786679 3.44341e-05
2.77646 0.000226226 9.33456e-06
3.17744 6.25592e-05 3.28958e-06
3.57842 1.6144e-05 1.2951e-06
#---------30-40%---------
0.300147 4.50691 0.269555
0.496289 2.28227 0.0683165
0.694727 1.3154 0.0331258
0.893994 0.617171 0.0154286
1.09365 0.280448 0.00774486
1.29355 0.134999 0.00446697
1.49351 0.0662234 0.00269874
1.69351 0.0347522 0.00156523
1.89355 0.0152957 0.000671244
2.13579 0.00520109 0.000190857
2.43605 0.00167967 6.35075e-05
2.77598 0.000510877 2.10924e-05
3.17666 0.000152577 7.74412e-06
3.57729 5.70656e-05 3.62435e-06
#---------20-30%---------
0.300195 6.14408 0.28941
0.496338 3.71923 0.0940872
0.694775 2.00944 0.0411069
0.894043 0.988109 0.0199251
1.0937 0.45948 0.010407
1.2936 0.228064 0.00616945
1.49355 0.114978 0.00381832
1.69355 0.054605 0.00192972
1.8936 0.0242696 0.000864059
2.13586 0.00951667 0.000296541
2.43608 0.00277401 8.89637e-05
2.77603 0.000878223 2.9129e-05
3.17671 0.000243372 1.13994e-05
3.57734 7.13587e-05 4.25788e-06
#---------10-20%---------
0.300293 8.73683 0.349067
0.496484 5.27591 0.112534
0.694922 2.97628 0.0509636
0.894189 1.50587 0.0262619
1.09385 0.714177 0.0139285
1.2937 0.341032 0.00780091
1.49365 0.173273 0.00488791
1.6936 0.0845949 0.00253281
1.89365 0.038008 0.00117976
2.1359 0.0136903 0.000344849
2.43608 0.00447859 0.000123924
2.77588 0.00132714 3.71467e-05
3.17647 0.000314013 1.13391e-05
3.577 9.42099e-05 5.05999e-06
#---------5-10%---------
0.300488 11.509 0.609819
0.49668 7.25278 0.205062
0.695117 4.02 0.091555
0.894336 2.01568 0.0452049
1.09395 0.94293 0.0233547
1.29375 0.483088 0.0147868
1.49365 0.232783 0.00890064
1.69355 0.121189 0.00487785
1.89355 0.0503017 0.00189582
2.13557 0.0188197 0.000612027
2.43561 0.00543937 0.000183961
2.77476 0.00179945 6.59276e-05
3.175 0.000435794 2.11396e-05
3.57529 9.84949e-05 7.02021e-06
#---------0-5%---------
0.300391 13.8628 0.679432
0.496582 9.33428 0.253127
0.695019 4.91081 0.102441
0.894287 2.43089 0.0492995
1.0939 1.1911 0.0277011
1.2937 0.556565 0.0147232
1.4936 0.287608 0.00944506
1.6936 0.140615 0.00508985
1.89355 0.0636606 0.00229042
2.13568 0.0230981 0.000715257
2.43579 0.00666898 0.000215914
2.7752 0.00200588 6.64129e-05
3.17559 0.000448138 2.04842e-05
3.57593 0.000126124 8.78023e-06
