#---------60-80%---------
0.500684 0.00669366 0.00181184
0.698828 0.00634214 0.00318537
0.897559 0.00375913 0.00125041
1.09668 0.00285127 0.000493932
1.2959 0.00161709 0.000221099
1.49536 0.000687397 8.66021e-05
1.69492 0.00051628 6.62887e-05
1.89458 0.000202224 2.18885e-05
2.13711 9.37399e-05 8.43752e-06
2.43638 2.9936e-05 3.27746e-06
2.77495 1.17042e-05 1.34709e-06
3.17402 2.13155e-06 4.90875e-07
3.57334 6.74115e-07 2.32191e-07
#---------40-60%---------
0.500781 0.0427095 0.00512887
0.699023 0.0265333 0.010822
0.897852 0.0243673 0.0040292
1.09697 0.0152833 0.00191622
1.29629 0.007922 0.000857194
1.4957 0.00521677 0.000489575
1.69531 0.00255333 0.000217953
1.89497 0.00116641 8.47322e-05
2.13799 0.000648054 3.9293e-05
2.43726 0.000220836 1.31457e-05
2.77651 7.45892e-05 4.40272e-06
3.17564 1.94579e-05 1.58377e-06
3.575 4.20453e-06 6.06342e-07
3.97446 1.65253e-06 3.71685e-07
#---------30-40%---------
0.500977 0.130546 0.0168629
0.699219 0.0763139 0.0220676
0.898047 0.0474503 0.00820354
1.09717 0.0309783 0.00381571
1.29648 0.0221893 0.00229746
1.496 0.0120827 0.00106542
1.69561 0.00684106 0.000537785
1.89526 0.00402264 0.000298654
2.13865 0.00175157 9.82072e-05
2.43799 0.000652716 3.37342e-05
2.77778 0.00021098 1.11497e-05
3.17695 6.26688e-05 4.40915e-06
3.57632 1.40812e-05 1.71396e-06
3.97583 4.49555e-06 8.43685e-07
4.4458 3.90287e-07 2.36823e-07
#---------20-30%---------
0.501074 0.135896 0.0162431
0.699414 0.113748 0.0315802
0.898242 0.0811649 0.0136515
1.09736 0.0597256 0.00589794
1.29678 0.0323911 0.00290544
1.49624 0.0216421 0.00156462
1.69585 0.0123211 0.000785717
1.89551 0.00665016 0.000387062
2.13931 0.00336711 0.000154794
2.43865 0.00134203 6.23035e-05
2.77891 0.000463958 1.98815e-05
3.17808 0.000105167 5.84431e-06
3.57744 2.64351e-05 2.43561e-06
3.977 8.40373e-06 1.27582e-06
4.44829 1.517e-06 3.79157e-07
#---------10-20%---------
0.501172 0.210978 0.0234564
0.699414 0.186857 0.0441181
0.898242 0.127001 0.0177203
1.09741 0.0817255 0.00754161
1.29678 0.063315 0.00456857
1.49629 0.0326247 0.00205543
1.6959 0.0227955 0.00134961
1.89556 0.0113738 0.000575398
2.13931 0.00566612 0.00022631
2.43865 0.00218795 8.62166e-05
2.779 0.000693584 2.47033e-05
3.17817 0.000174699 7.96835e-06
3.57754 4.65847e-05 3.31397e-06
3.9771 1.18461e-05 1.54009e-06
4.44851 3.31075e-06 5.99056e-07
#---------5-10%---------
0.501172 1.00338 0.157462
0.699512 0.177492 0.072532
0.898438 0.190943 0.0373472
1.09756 0.125605 0.0136327
1.29697 0.0713261 0.00648336
1.49648 0.0418383 0.00332482
1.69609 0.0282259 0.00203121
1.8958 0.0179038 0.00124915
2.13982 0.0081473 0.000426407
2.43916 0.00326964 0.000171144
2.77993 0.000925034 4.17834e-05
3.1791 0.000276157 1.60918e-05
3.57852 7.02242e-05 6.11124e-06
3.97803 1.38382e-05 2.69655e-06
4.45056 3.65326e-06 1.0715e-06
#---------0-5%---------
0.501172 0.221013 0.223667
0.699414 0.348046 0.131884
0.898242 0.184347 0.0315529
1.09746 0.165553 0.0195454
1.29678 0.0962686 0.00842818
1.49629 0.0561031 0.00429712
1.6959 0.0344784 0.00223313
1.89561 0.0214343 0.00133871
2.13945 0.010372 0.000502514
2.43879 0.00370477 0.000170533
2.7792 0.00125414 5.29649e-05
3.17842 0.000331976 1.76411e-05
3.57778 7.34976e-05 6.58762e-06
3.97729 2.56426e-05 3.34597e-06
4.44895 4.97682e-06 1.14064e-06
