#---------60-80%---------
0.500488 0.0134863 0.00522147
0.698535 0.00569229 0.00258739
0.897266 0.00371964 0.0010069
1.09629 0.00213375 0.000347807
1.29556 0.00107609 0.00015024
1.49497 0.000628438 8.56392e-05
1.69453 0.000337309 4.20237e-05
1.89414 0.000154859 2.11544e-05
2.13608 6.06817e-05 7.03934e-06
2.43535 1.59527e-05 2.86561e-06
2.7731 5.19322e-06 1.24774e-06
3.17217 1.51818e-06 4.8388e-07
3.57144 7.80664e-07 3.41069e-07
3.97095 5.19488e-07 2.79068e-07
#---------40-60%---------
0.500781 0.0395927 0.00659991
0.699023 0.0300674 0.00872706
0.897852 0.0171474 0.00317269
1.09692 0.0102346 0.00140668
1.29619 0.00634817 0.000725471
1.4957 0.00323256 0.000318849
1.69526 0.00219278 0.000192884
1.89492 0.000985307 7.85733e-05
2.13792 0.000474069 3.12636e-05
2.43718 0.000157224 1.12443e-05
2.77637 5.47079e-05 4.24813e-06
3.17549 1.16823e-05 1.47423e-06
3.57485 2.65028e-06 6.63867e-07
3.97436 5.60353e-07 2.79799e-07
#---------30-40%---------
0.500977 0.122111 0.124122
0.699219 0.0731129 0.0277136
0.898047 0.0421044 0.00839762
1.09712 0.0285075 0.00389299
1.29648 0.0171264 0.00165919
1.4959 0.00984873 0.000929537
1.69551 0.00638461 0.000544476
1.89517 0.00350357 0.000281054
2.1385 0.00139636 8.37461e-05
2.4378 0.00053566 3.47727e-05
2.77744 0.000156688 1.05935e-05
3.17661 4.68252e-05 4.61472e-06
3.57598 8.391e-06 1.69377e-06
3.97549 8.59087e-07 7.54084e-07
#---------20-30%---------
0.500977 0.108124 0.10939
0.699219 0.0974152 0.0244653
0.897949 0.0809153 0.0108939
1.09707 0.0530927 0.00528111
1.29644 0.0365636 0.00301723
1.4959 0.0180384 0.00140992
1.69551 0.0109525 0.000710051
1.89517 0.00586576 0.000355189
2.13843 0.00284266 0.00014098
2.43777 0.00094727 4.54667e-05
2.77734 0.000311006 1.53723e-05
3.17647 8.8248e-05 6.38045e-06
3.57583 1.49651e-05 2.28275e-06
3.97534 6.59239e-06 1.3897e-06
4.44481 3.51964e-07 3.47898e-07
#---------10-20%---------
0.500977 0.12352 0.01773
0.699219 0.144309 0.030288
0.898047 0.138056 0.0173655
1.09717 0.0850873 0.00762495
1.29648 0.0555427 0.00411385
1.496 0.0317952 0.00192986
1.69561 0.0171072 0.000913287
1.89526 0.0105344 0.000551538
2.13865 0.00470075 0.000189306
2.43799 0.00163873 6.57767e-05
2.77773 0.000536889 2.2163e-05
3.1769 0.000138424 8.6477e-06
3.57627 3.68518e-05 3.76217e-06
3.97578 6.67916e-06 1.5588e-06
4.44569 8.13237e-07 4.02488e-07
#---------5-10%---------
0.500977 0.289096 0.293882
0.699219 0.294919 0.0894522
0.898047 0.188444 0.0280796
1.09717 0.113714 0.0134034
1.29648 0.075418 0.00729292
1.49595 0.0447295 0.00363209
1.69551 0.0264211 0.00197313
1.89521 0.0169291 0.00119539
2.13854 0.00611378 0.000305427
2.43784 0.0023484 0.000126375
2.77754 0.000757006 3.98431e-05
3.17671 0.00019596 1.54062e-05
3.57607 3.54874e-05 5.4256e-06
3.97559 9.94661e-06 2.74998e-06
4.44529 2.44582e-06 9.92546e-07
#---------0-5%---------
0.500977 0.742524 0.125197
0.699219 0.292266 0.0978614
0.898047 0.218295 0.0282281
1.09717 0.141665 0.0155832
1.29658 0.107611 0.00901904
1.496 0.0595687 0.00412041
1.69561 0.0354476 0.00229684
1.89531 0.0189217 0.0011215
2.13872 0.00838688 0.000385045
2.43806 0.0031702 0.000145721
2.77793 0.000967825 4.54242e-05
3.17705 0.000221702 1.57098e-05
3.57646 6.4717e-05 7.23364e-06
3.97598 6.20484e-06 2.31901e-06
4.44609 1.72264e-06 8.53124e-07
