#---------60-80%---------
0.499707 0.0393092 0.00440845
0.697607 0.02178 0.00113921
0.896191 0.011814 0.000547727
1.09517 0.00605751 0.000300784
1.29443 0.00300604 0.000160621
1.49385 0.00135934 8.58377e-05
1.69338 0.000626106 4.40302e-05
1.89302 0.000252037 1.67771e-05
2.1337 9.79839e-05 6.57244e-06
2.43304 2.45943e-05 3.6042e-06
2.76924 6.66428e-06 9.51525e-07
3.16838 1.16855e-06 3.54122e-07
3.56777 2.48925e-07 1.47691e-07
3.96733 3.95099e-08 3.7423e-08
#---------40-60%---------
0.500195 0.104785 0.00873526
0.698242 0.0703643 0.00278599
0.896973 0.0465429 0.00167747
1.096 0.0254965 0.000931835
1.29531 0.0129507 0.000500868
1.49478 0.00710075 0.000331719
1.69434 0.00362682 0.000181416
1.89404 0.00165636 8.16121e-05
2.13594 0.000713105 3.11467e-05
2.43535 0.000212575 9.99302e-06
2.77324 5.39568e-05 2.93723e-06
3.17246 1.23108e-05 1.25695e-06
3.57187 2.1891e-06 4.45351e-07
3.97144 3.02714e-07 1.11275e-07
4.43676 1.03386e-07 6.28671e-08
#---------30-40%---------
0.500391 0.195924 0.0180047
0.698535 0.124992 0.00488371
0.897314 0.0864634 0.00300729
1.09639 0.0543682 0.00191055
1.29575 0.0301725 0.00112602
1.49521 0.0164389 0.000696398
1.69482 0.00849292 0.000403075
1.89453 0.00424971 0.000203075
2.13711 0.00164773 6.93836e-05
2.43652 0.000547681 2.49884e-05
2.77529 0.000154592 7.21386e-06
3.17451 2.8874e-05 2.4462e-06
3.57397 7.06475e-06 9.80174e-07
3.97354 5.233e-07 1.66746e-07
4.44115 3.44889e-07 1.62632e-07
#---------20-30%---------
0.500586 0.233948 0.0163429
0.698828 0.172203 0.00546623
0.897656 0.123542 0.00340872
1.09678 0.0834447 0.00235713
1.29619 0.0486736 0.00149214
1.4957 0.0282805 0.000977107
1.69531 0.0140349 0.000519684
1.89502 0.00711791 0.000262303
2.13821 0.00312661 9.67517e-05
2.43762 0.00104601 3.54636e-05
2.77725 0.000274789 1.02962e-05
3.17651 5.97155e-05 3.82075e-06
3.57598 8.44938e-06 1.07316e-06
3.97559 2.45581e-06 5.22845e-07
4.4454 8.7163e-08 4.18223e-08
5.04463 7.81246e-08 4.60406e-08
#---------10-20%---------
0.500781 0.311116 0.0205391
0.699023 0.2138 0.00610722
0.897852 0.171036 0.0041626
1.09707 0.111379 0.00260218
1.29639 0.0717407 0.00182907
1.49595 0.0441881 0.00133002
1.69561 0.0236871 0.000779301
1.89531 0.0122077 0.000392247
2.13887 0.00492609 0.000127773
2.43828 0.00174284 4.92713e-05
2.77842 0.000506679 1.59258e-05
3.17773 0.000107764 5.60047e-06
3.5772 2.57638e-05 2.18692e-06
3.97676 5.15784e-06 8.48166e-07
4.448 9.16228e-07 2.37131e-07
#---------5-10%---------
0.500977 0.288489 0.0239772
0.699219 0.262546 0.0100482
0.898047 0.209045 0.00654446
1.09727 0.153837 0.00476067
1.29668 0.0999926 0.0033592
1.49619 0.0597114 0.00229089
1.6958 0.0330197 0.00137927
1.89551 0.0170316 0.000696711
2.13938 0.00712851 0.000239668
2.43887 0.00256765 9.18783e-05
2.77944 0.000736484 2.8727e-05
3.17871 0.000174968 9.93695e-06
3.57822 2.92436e-05 3.72682e-06
3.97783 7.2883e-06 1.44855e-06
4.4502 1.06739e-06 3.54857e-07
5.04946 1.41467e-07 8.53858e-08
#---------0-5%---------
0.500879 0.352091 0.0253712
0.699219 0.324232 0.0103731
0.898047 0.262362 0.00725888
1.09717 0.180992 0.00492218
1.29658 0.116957 0.00338915
1.49614 0.068909 0.00224346
1.6958 0.0410981 0.00146512
1.89551 0.0202829 0.000703742
2.13931 0.0089 0.000260707
2.43872 0.00284807 9.36465e-05
2.7792 0.000843431 2.79579e-05
3.17852 0.000181696 9.74084e-06
3.57798 4.06088e-05 3.56071e-06
3.97759 5.79278e-06 1.17362e-06
