#---------60-80%---------
0.500586 0.00421673 0.00182606
0.698828 0.00371488 0.00168687
0.897559 0.0028813 0.000672391
1.09658 0.00106664 0.000212091
1.2959 0.000709043 0.000123564
1.49531 0.000306986 3.70715e-05
1.69487 0.000173685 1.97246e-05
1.89453 9.48199e-05 1.09446e-05
2.13696 3.83352e-05 4.06674e-06
2.43627 1.30773e-05 1.74751e-06
2.77471 5.09675e-06 7.82468e-07
3.17378 1.10873e-06 3.02173e-07
3.5731 3.21496e-07 1.55462e-07
#---------40-60%---------
0.500879 0 0
0.699121 0.0140764 0.00471411
0.897852 0.00934131 0.00162623
1.09697 0.00615209 0.000841756
1.29629 0.00445267 0.000491123
1.4958 0.00227819 0.000240234
1.69536 0.00123664 0.000106326
1.89502 0.000645849 5.01492e-05
2.13813 0.000274514 1.74387e-05
2.43744 0.000114016 8.13306e-06
2.77681 3.23177e-05 2.30223e-06
3.17593 9.69109e-06 1.03682e-06
3.57529 1.6125e-06 3.96197e-07
3.9748 3.63417e-07 1.60716e-07
#---------30-40%---------
0.500977 0.0290646 0.029935
0.699317 0.0296593 0.00901692
0.898144 0.0229383 0.00477438
1.09727 0.0146312 0.00197868
1.29663 0.00884794 0.000995072
1.49609 0.00522217 0.000476196
1.6957 0.0032455 0.00026824
1.89541 0.00191285 0.000150508
2.13894 0.000797593 4.79123e-05
2.43828 0.000320591 1.9984e-05
2.77832 9.95839e-05 6.591e-06
3.17749 2.51134e-05 2.37219e-06
3.57686 7.85474e-06 1.17974e-06
3.97637 1.43826e-06 4.5757e-07
4.44697 1.86415e-07 1.30539e-07
#---------20-30%---------
0.501172 0.0717404 0.0105967
0.699512 0.0468591 0.0166217
0.89834 0.0331686 0.00560449
1.09756 0.020683 0.00228016
1.29688 0.0150706 0.00147594
1.49639 0.0101951 0.000758285
1.696 0.00553341 0.000366742
1.8957 0.00314879 0.000199958
2.13967 0.00165787 8.51097e-05
2.43901 0.00062141 3.14558e-05
2.77964 0.000192282 9.74867e-06
3.17881 5.31989e-05 3.83637e-06
3.57817 1.37762e-05 1.60702e-06
3.97773 2.27923e-06 6.54618e-07
4.44983 1.09722e-06 3.29758e-07
#---------10-20%---------
0.501172 0.0538825 0.0121707
0.699414 0.057163 0.0159511
0.89834 0.0504059 0.00669107
1.09746 0.0378034 0.00350716
1.29688 0.0254423 0.001955
1.49634 0.015648 0.00100132
1.69595 0.00856398 0.000483301
1.89561 0.0050364 0.000265731
2.13953 0.00265938 0.000115155
2.43887 0.000954278 3.99423e-05
2.77935 0.000318764 1.33145e-05
3.17852 8.03996e-05 4.86837e-06
3.57793 2.32179e-05 2.21017e-06
3.97744 7.16457e-06 1.17574e-06
4.44924 1.26279e-06 3.91342e-07
#---------5-10%---------
0.501172 0.0487822 0.0504633
0.699512 0.0913165 0.0266819
0.89834 0.0642074 0.0121735
1.09756 0.0550812 0.00651482
1.29688 0.0292745 0.00275424
1.49639 0.019356 0.0017128
1.696 0.0148385 0.00124898
1.8957 0.00799549 0.000603627
2.13971 0.00337518 0.000185451
2.43909 0.00137789 7.51914e-05
2.77974 0.000449276 2.42834e-05
3.17891 0.000100208 7.59381e-06
3.57827 2.84944e-05 3.65198e-06
3.97783 8.42129e-06 2.10986e-06
4.45009 2.55527e-06 7.68984e-07
#---------0-5%---------
0.501172 0.0982949 0.10114
0.699609 0.108476 0.0628192
0.898438 0.0710893 0.0117378
1.09766 0.0513765 0.00623559
1.29697 0.0355305 0.00318311
1.49653 0.0256598 0.00201131
1.69614 0.0172782 0.00126519
1.8958 0.00888775 0.000582519
2.13997 0.00443901 0.000225555
2.43938 0.00168112 8.67437e-05
2.78022 0.000555287 2.7201e-05
3.17939 0.000138972 9.65051e-06
3.57881 3.8896e-05 4.41553e-06
3.97832 1.20541e-05 2.31602e-06
4.45122 2.2722e-06 7.15902e-07
