#---------60-80%---------
0.499707 0.120665 0.0134321
0.697607 0.0840575 0.00478788
0.896191 0.0444291 0.00211517
1.09517 0.0222396 0.00106172
1.29443 0.0113186 0.000609475
1.49385 0.0056864 0.000352234
1.69338 0.00294832 0.000215129
1.89302 0.0013406 8.87541e-05
2.1337 0.000475521 2.6544e-05
2.43304 0.000145627 9.35005e-06
2.76924 4.49021e-05 3.4153e-06
3.16838 7.5111e-06 1.02503e-06
3.56777 1.59536e-06 3.79589e-07
3.96733 2.02332e-07 1.0803e-07
4.42833 4.15856e-08 2.76512e-08
#---------40-60%---------
0.500195 0.454058 0.037294
0.698242 0.338128 0.0139985
0.896973 0.206714 0.00752163
1.096 0.115213 0.00414513
1.29531 0.0600795 0.00239186
1.49478 0.0351892 0.00175023
1.69434 0.0177435 0.00086921
1.89404 0.00838813 0.000404616
2.13594 0.00360514 0.00014068
2.43535 0.00126497 5.17416e-05
2.77324 0.000303193 1.83606e-05
3.17246 7.13877e-05 3.96667e-06
3.57187 1.67434e-05 1.38229e-06
3.97144 2.78487e-06 4.87756e-07
4.43676 6.03701e-07 1.53046e-07
#---------30-40%---------
0.500391 1.03547 0.0897517
0.698535 0.675982 0.0266673
0.897314 0.45051 0.0155171
1.09639 0.2582 0.00878334
1.29575 0.146283 0.00545407
1.49521 0.0871979 0.00400525
1.69482 0.0477972 0.00230366
1.89453 0.0253196 0.00121035
2.13711 0.0101672 0.000383969
2.43652 0.00344868 0.000130895
2.77529 0.00101405 3.89304e-05
3.17451 0.000255928 1.12667e-05
3.57397 4.4152e-05 3.53785e-06
3.97354 7.38485e-06 2.56747e-06
4.44115 2.53658e-06 4.57663e-07
5.04038 3.85586e-07 1.44475e-07
5.63983 7.03175e-09 8.0944e-09
#---------20-30%---------
0.500586 1.39098 0.0925184
0.698828 1.00021 0.0311608
0.897656 0.727203 0.0202241
1.09678 0.447843 0.0124231
1.29619 0.259652 0.00784418
1.4957 0.148082 0.00517411
1.69531 0.0777182 0.00274015
1.89502 0.0413938 0.00151259
2.13821 0.0178894 0.000666478
2.43762 0.00620074 0.000191406
2.77725 0.00200975 5.83446e-05
3.17651 0.000416751 2.05587e-05
3.57598 0.000100315 7.59623e-06
3.97559 2.03808e-05 2.60627e-06
4.4454 3.45711e-06 5.26971e-07
5.04463 3.45596e-07 1.19602e-07
#---------10-20%---------
0.500781 2.08449 0.118806
0.699023 1.54529 0.0419656
0.897852 1.07334 0.0247733
1.09707 0.709586 0.0168172
1.29639 0.439245 0.0117148
1.49595 0.244188 0.00739793
1.69561 0.141117 0.00442619
1.89531 0.06708 0.00194836
2.13887 0.0296236 0.00071705
2.43828 0.0105904 0.000278316
2.77842 0.00326383 8.4134e-05
3.17773 0.000738757 2.8117e-05
3.5772 0.000180412 9.77662e-06
3.97676 3.5475e-05 2.81807e-06
4.448 5.56687e-06 7.59889e-07
5.04723 4.75774e-07 1.73995e-07
#---------5-10%---------
0.500977 2.66844 0.200718
0.699219 1.8899 0.0650628
0.898047 1.43862 0.0426842
1.09727 0.976423 0.0302551
1.29668 0.602105 0.0205622
1.49619 0.334443 0.0127646
1.6958 0.184217 0.00726365
1.89551 0.0996715 0.00382899
2.13938 0.0430449 0.00135921
2.43887 0.0142774 0.000442347
2.77944 0.00441075 0.000144269
3.17871 0.00105924 4.24379e-05
3.57822 0.000230754 1.49803e-05
3.97783 5.16491e-05 6.98495e-06
4.4502 6.18696e-06 1.20097e-06
5.04946 2.63797e-07 1.88801e-07
#---------0-5%---------
0.500879 3.17472 0.218221
0.699219 2.41791 0.0765387
0.898047 1.8313 0.0511311
1.09717 1.22997 0.0339719
1.29658 0.733243 0.0219667
1.49614 0.420863 0.0142436
1.6958 0.245319 0.00852673
1.89551 0.123412 0.00417749
2.13931 0.0532979 0.00142936
2.43872 0.0190803 0.000528006
2.7792 0.00557835 0.000153969
3.17852 0.0013706 4.39045e-05
3.57798 0.000263898 1.68439e-05
3.97759 7.06742e-05 7.29804e-06
4.44972 1.09495e-05 1.70829e-06
5.04899 7.49307e-07 2.64456e-07
