#---------60-80%---------
0.499707 0.0544608 0.00604702
0.697656 0.0359439 0.00200167
0.89624 0.0189363 0.000917935
1.09521 0.00992002 0.000492408
1.29443 0.00494394 0.000274115
1.4939 0.0024915 0.000149731
1.69341 0.00120686 8.01777e-05
1.89307 0.000480749 3.25115e-05
2.13381 0.000209653 1.20591e-05
2.43315 5.73304e-05 4.03472e-06
2.76939 2.01244e-05 1.49304e-06
3.16856 3.61728e-06 4.06743e-07
3.56797 5.4024e-07 1.24842e-07
3.9675 9.71815e-08 3.96182e-08
#---------40-60%---------
0.500391 0.174435 0.0153445
0.698438 0.102662 0.00407226
0.897168 0.0688805 0.00246407
1.09629 0.0381101 0.0013499
1.29561 0.0235664 0.000982582
1.49512 0.0119526 0.000555235
1.69468 0.00580113 0.000273242
1.89438 0.00310599 0.000154422
2.13674 0.00123779 4.88993e-05
2.43616 0.000422234 1.77143e-05
2.77466 0.000124443 5.35715e-06
3.17388 2.31117e-05 1.86029e-06
3.57334 5.87165e-06 6.54998e-07
3.9729 8.91355e-07 1.92233e-07
4.4398 9.74668e-08 4.16903e-08
#---------30-40%---------
0.500684 0.235143 0.0191948
0.698926 0.18144 0.00702694
0.897656 0.129706 0.00438133
1.09687 0.0809993 0.00284128
1.29619 0.0481036 0.00186387
1.4957 0.0264776 0.00111198
1.69536 0.0141751 0.000639654
1.89507 0.00775776 0.000356102
2.13828 0.00333251 0.000126452
2.4377 0.00112278 4.28544e-05
2.77744 0.000340697 1.25385e-05
3.17671 7.75952e-05 3.97568e-06
3.57617 1.68035e-05 1.74614e-06
3.97573 1.35848e-05 1.25598e-05
4.4458 8.03914e-07 1.78474e-07
#---------20-30%---------
0.500781 0.370712 0.0274576
0.699023 0.257858 0.008554
0.897852 0.185283 0.00529031
1.09707 0.124911 0.00360649
1.29639 0.0745283 0.00230881
1.49595 0.0416537 0.00141976
1.69561 0.0255266 0.000994602
1.89531 0.0122393 0.000455019
2.13879 0.00548481 0.000171565
2.43828 0.00192326 6.32415e-05
2.77842 0.000612344 1.90121e-05
3.17769 0.000134616 2.28971e-05
3.57715 3.09287e-05 1.86501e-06
3.97676 6.86786e-06 7.53364e-07
4.44792 6.79589e-07 1.55543e-07
#---------10-20%---------
0.501172 0.425108 0.0276408
0.699414 0.324924 0.00956696
0.898438 0.252322 0.00626493
1.09756 0.169585 0.00413357
1.29697 0.112709 0.0030884
1.49658 0.0675788 0.00207744
1.69619 0.0368572 0.00117505
1.89595 0.0191864 0.000589852
2.14033 0.0090028 0.000232531
2.43982 0.00322834 8.85308e-05
2.78115 0.000963616 2.48175e-05
3.18047 0.000214478 8.35299e-06
3.57998 4.82226e-05 2.77796e-06
3.97959 1.15649e-05 1.09505e-06
4.454 1.32919e-06 2.31987e-07
5.05327 7.48781e-08 3.23109e-08
#---------5-10%---------
0.501367 0.435981 0.0379118
0.699707 0.42962 0.0172933
0.898633 0.299397 0.00977621
1.09785 0.222264 0.00726652
1.29736 0.150165 0.00530107
1.49688 0.0936537 0.00373636
1.69658 0.050963 0.00209172
1.89629 0.027729 0.00117329
2.14121 0.0120763 0.000388665
2.44062 0.00484242 0.000168139
2.78267 0.00126713 4.37464e-05
3.18203 0.000307315 1.34301e-05
3.58154 7.8414e-05 4.96232e-06
3.98115 1.58431e-05 1.82776e-06
4.45737 3.51367e-06 5.84213e-07
5.05664 4.73877e-08 2.6075e-08
#---------0-5%---------
0.501367 0.526328 0.045403
0.699609 0.453961 0.0167873
0.898633 0.378142 0.0116189
1.09785 0.273936 0.00840798
1.29727 0.179125 0.00574448
1.49688 0.104069 0.00373707
1.69648 0.0662375 0.00253234
1.89629 0.0348564 0.0012972
2.14106 0.0152962 0.000467768
2.44055 0.00542479 0.000177694
2.78242 0.00160141 4.85868e-05
3.18174 0.000354452 1.40811e-05
3.58125 7.75345e-05 4.51448e-06
3.98086 1.50008e-05 2.01102e-06
4.45679 2.39557e-06 4.35611e-07
5.05613 1.49857e-07 3.6064e-08
