#---------60-80%---------
0.500391 0.0109784 0.00426921
0.698535 0.00256769 0.00184512
0.897168 0.00131595 0.000476781
1.09619 0.000857521 0.000168659
1.29541 0.000400513 7.05533e-05
1.49482 0.000282169 4.43821e-05
1.69434 9.33975e-05 1.41262e-05
1.89399 5.18601e-05 9.14244e-06
2.13572 2.10416e-05 3.398e-06
2.43499 6.12019e-06 1.50033e-06
2.77246 6.26164e-07 3.46531e-07
3.17148 1.52983e-07 1.49038e-07
#---------40-60%---------
0.500781 0.0452985 0.0468683
0.699023 0.0112266 0.00463216
0.897754 0.00706562 0.0012842
1.09687 0.00410339 0.000555785
1.29619 0.00248949 0.000268758
1.49565 0.00122653 0.000113976
1.69521 0.000686473 6.04564e-05
1.89487 0.000351244 3.12056e-05
2.13777 0.000179037 1.40048e-05
2.43711 5.87545e-05 5.55515e-06
2.77617 1.46921e-05 1.82886e-06
3.17529 2.37398e-06 6.1604e-07
3.57466 4.79003e-07 2.74543e-07
3.97417 1.35372e-07 1.34668e-07
#---------30-40%---------
0.500781 0.0800478 0.0231439
0.699023 0.0185314 0.00666992
0.897852 0.0164344 0.00325307
1.09692 0.0110698 0.00162409
1.29624 0.00669593 0.000726529
1.4957 0.00388006 0.000379334
1.69526 0.00201633 0.000174878
1.89492 0.00112467 9.99884e-05
2.13792 0.000482837 3.45771e-05
2.43718 0.000161967 1.31731e-05
2.77637 5.31144e-05 5.30608e-06
3.17549 1.45323e-05 2.29501e-06
3.57485 3.65549e-06 1.01994e-06
#---------20-30%---------
0.500977 0.125085 0.0266274
0.699317 0.0261161 0.00881515
0.898144 0.0227579 0.00368893
1.09727 0.0156448 0.00153291
1.29658 0.0109926 0.000937188
1.49609 0.00655738 0.000503605
1.6957 0.00396953 0.00028076
1.89541 0.00190223 0.000123337
2.13894 0.000878601 4.74195e-05
2.43828 0.000373399 2.38541e-05
2.77832 0.000113025 8.25301e-06
3.17744 2.28826e-05 2.8652e-06
3.57681 4.98475e-06 1.39673e-06
3.97632 1.47605e-06 7.78675e-07
4.4469 5.35497e-07 3.06158e-07
#---------10-20%---------
0.500977 0.0563171 0.0118871
0.699414 0.045636 0.0133579
0.898242 0.0339824 0.00464133
1.09736 0.0247035 0.00220365
1.29668 0.0162039 0.00123226
1.49619 0.0110106 0.000706311
1.6958 0.00581567 0.000342134
1.89551 0.00349263 0.000195652
2.13916 0.00150707 6.80056e-05
2.4385 0.000597689 3.05859e-05
2.77871 0.000152243 9.72347e-06
3.17788 4.25395e-05 4.27464e-06
3.57725 8.71924e-06 1.74914e-06
3.97676 2.01714e-06 7.60828e-07
4.44785 1.94233e-07 1.92083e-07
#---------5-10%---------
0.500977 0.0341699 0.0282237
0.699317 0.0732873 0.0302776
0.898144 0.0492625 0.00836074
1.09727 0.0353628 0.00434949
1.29663 0.0243444 0.00229345
1.49609 0.0125635 0.0010324
1.6957 0.00847727 0.000641766
1.89541 0.00424126 0.000294024
2.13898 0.00219467 0.000131754
2.43832 0.000755004 5.09114e-05
2.77837 0.000208415 1.62885e-05
3.17754 5.71375e-05 7.95687e-06
3.5769 1.57243e-05 3.32181e-06
3.97642 3.96127e-06 1.61585e-06
4.44705 8.64807e-07 6.05256e-07
#---------0-5%---------
0.501172 0.0492695 0.0215311
0.699512 0.0970997 0.0299095
0.89834 0.051289 0.00824551
1.09756 0.0384279 0.00419097
1.29688 0.0262494 0.0023125
1.49639 0.0196276 0.00149028
1.696 0.0102259 0.000669335
1.8957 0.00644497 0.00042083
2.13967 0.00288416 0.000152716
2.43901 0.00110776 6.48698e-05
2.77959 0.000311527 2.11452e-05
3.17881 7.98651e-05 8.8105e-06
3.57817 2.36258e-05 4.51489e-06
3.97773 2.79423e-06 1.39342e-06
4.44983 4.1212e-07 4.07794e-07
