---------60-80%---------
0.299414 0.425893 0.116327
0.495313 0.236983 0.0341322
0.693604 0.102763 0.0103095
0.892822 0.0419658 0.00375841
1.09246 0.0173954 0.00129636
1.29229 0.00632245 0.000550296
1.49226 0.00280309 0.000238658
1.69229 0.00105199 9.54986e-05
1.89233 0.000406978 4.04954e-05
2.20438 9.82608e-05 8.34008e-06
2.70569 1.04512e-05 1.83825e-06
---------40-60%---------
0.299902 1.25627 0.298219
0.495947 0.811562 0.0887389
0.694238 0.374299 0.0329486
0.893457 0.169724 0.0136104
1.09302 0.0683683 0.00470536
1.29277 0.0318792 0.00236592
1.49268 0.0111577 0.00081767
1.69258 0.00475097 0.000323357
1.89258 0.00197898 0.000148335
2.20496 0.000523853 2.71666e-05
2.7052 4.42754e-05 3.88634e-06
3.20563 6.77473e-06 1.20486e-06
---------30-40%---------
0.300195 2.78469 0.584838
0.496338 1.57817 0.17314
0.694678 0.782628 0.0708965
0.893896 0.381189 0.0265948
1.09346 0.164545 0.0114119
1.29321 0.0716022 0.004905
1.49307 0.0318896 0.0022085
1.69302 0.0133219 0.000939893
1.89297 0.00554359 0.000401738
2.20715 0.00150086 7.63221e-05
2.70718 0.00017845 1.28128e-05
3.2074 1.91019e-05 3.1645e-06
---------20-30%---------
0.300293 4.00675 0.654264
0.496436 2.37971 0.20756
0.694775 1.28344 0.0873388
0.893994 0.637638 0.0378987
1.09355 0.281628 0.0149616
1.29331 0.121867 0.00684865
1.49321 0.0476772 0.00261853
1.69312 0.0225133 0.00124743
1.89307 0.0100285 0.00059702
2.20767 0.00269176 0.000104665
2.7077 0.000304865 1.71017e-05
3.20789 3.81636e-05 4.58764e-06
3.70813 4.81075e-06 1.4081e-06
---------10-20%---------
0.300195 5.92575 0.827609
0.496387 3.6516 0.283118
0.694727 2.00251 0.107606
0.893945 0.923961 0.0451546
1.09355 0.422692 0.0195415
1.29336 0.194416 0.00890117
1.49321 0.0773063 0.00351068
1.69316 0.0321158 0.00140281
1.89312 0.0168279 0.00080567
2.20825 0.0041626 0.000129054
2.70856 0.000535115 2.38211e-05
3.20901 6.45295e-05 5.97045e-06
3.70953 6.0848e-06 1.59533e-06
---------5-10%---------
0.300293 8.25156 1.50572
0.496484 5.0335 0.47695
0.694824 2.61294 0.179683
0.894043 1.27964 0.0705998
1.09365 0.60308 0.0300012
1.29341 0.263721 0.0130269
1.49326 0.114184 0.00595065
1.69316 0.0472735 0.00255029
1.89312 0.0212984 0.00111746
2.20813 0.0058984 0.000235907
2.70813 0.000739347 3.90572e-05
3.20834 8.63718e-05 1.01534e-05
3.70862 9.07083e-06 3.86806e-06
---------0-5%---------
0.300293 10.2084 1.41089
0.496484 6.10421 0.458538
0.694824 3.23721 0.180082
0.894043 1.55912 0.0720497
1.0936 0.711726 0.0319182
1.29341 0.333761 0.0138137
1.49326 0.144849 0.0063248
1.69316 0.0620062 0.00274911
1.89312 0.0249057 0.00112502
2.20789 0.00698348 0.000222666
2.70782 0.000826511 4.27378e-05
3.20795 0.000124729 1.26725e-05
3.70813 8.34654e-06 4.09281e-06
