---------60-80%---------
0.299609 0.63445 0.238219
0.495605 0.377244 0.0610618
0.694092 0.183215 0.017999
0.893506 0.0847248 0.00772114
1.09331 0.0369644 0.00266727
1.29331 0.0149448 0.00122292
1.49341 0.00734738 0.000573392
1.69355 0.00363137 0.000289415
1.8937 0.00189335 0.000160626
2.2132 0.000540177 2.94008e-05
2.7157 9.85202e-05 6.88708e-06
3.21796 2.36692e-05 2.45528e-06
3.72003 3.597e-06 8.91752e-07
---------40-60%---------
0.3 2.20093 0.474634
0.496094 1.25597 0.121906
0.69458 0.622856 0.0473784
0.893945 0.311462 0.019445
1.0937 0.142015 0.00788697
1.29365 0.0711702 0.00381459
1.4937 0.0301764 0.00164577
1.6938 0.0151622 0.000797514
1.8939 0.00729204 0.000409111
2.21399 0.00255436 9.61206e-05
2.71594 0.000433948 1.89707e-05
3.21783 9.51266e-05 5.31508e-06
3.7196 2.38047e-05 2.05846e-06
4.3916 3.31554e-06 4.94502e-07
---------30-40%---------
0.300195 4.07489 0.862256
0.496387 2.42037 0.265471
0.694824 1.37421 0.100699
0.894141 0.691432 0.0415634
1.0939 0.330711 0.0171165
1.2938 0.153764 0.00849132
1.49385 0.0689499 0.00356449
1.6939 0.0342993 0.0017565
1.89395 0.017949 0.000979697
2.21411 0.00575923 0.000202558
2.71582 0.00102729 4.08986e-05
3.21747 0.000221166 1.16125e-05
3.71899 4.7395e-05 4.10135e-06
4.38879 7.2613e-06 1.04035e-06
---------20-30%---------
0.300195 6.54712 1.20999
0.496387 3.81738 0.349355
0.694873 2.18864 0.127841
0.894189 1.0705 0.0523873
1.09395 0.510593 0.0229585
1.29385 0.256479 0.0109392
1.49385 0.111893 0.00481306
1.6939 0.0514588 0.00210964
1.89395 0.030981 0.00138788
2.21405 0.00867869 0.000241149
2.7157 0.0017057 5.38496e-05
3.21729 0.000334353 1.48937e-05
3.71875 7.58568e-05 5.27012e-06
4.38782 9.65199e-06 1.27832e-06
---------10-20%---------
0.300195 9.2292 1.57307
0.496387 5.80846 0.424144
0.694873 3.17678 0.167828
0.894189 1.59958 0.0646765
1.0939 0.802673 0.029005
1.2938 0.398405 0.0134138
1.4938 0.187432 0.00663766
1.69385 0.0843264 0.00302997
1.89395 0.040653 0.00142511
2.21387 0.013208 0.000323507
2.71539 0.00239791 6.56503e-05
3.21692 0.000497499 1.83396e-05
3.71838 0.000115778 7.01976e-06
4.38641 1.53388e-05 1.60007e-06
---------5-10%---------
0.300293 10.476 2.17726
0.496533 7.44509 0.746285
0.695019 4.28298 0.279997
0.894336 2.10595 0.106524
1.09399 1.07826 0.0505098
1.2939 0.503214 0.0217181
1.49385 0.254798 0.0112812
1.69385 0.107059 0.00479424
1.89395 0.0561772 0.00260143
2.21356 0.0175666 0.00052799
2.71478 0.00314019 0.000107633
3.21613 0.000548075 2.78323e-05
3.71741 0.000132671 1.14905e-05
4.38214 2.21237e-05 2.91984e-06
---------0-5%---------
0.300244 14.9367 2.71508
0.496436 9.40094 0.859142
0.694922 5.27206 0.311667
0.894238 2.76395 0.127931
1.09395 1.39286 0.0589549
1.2938 0.594595 0.0244438
1.4938 0.298085 0.0109301
1.69385 0.147388 0.00619476
1.8939 0.0698206 0.00288188
2.21338 0.020923 0.000579629
2.71478 0.00371848 0.000118303
3.21619 0.00074013 3.3433e-05
3.71759 0.000157771 1.23768e-05
4.38318 2.39039e-05 3.13462e-06
