---------60-80%---------
0.793652 0.00389751 0.00112064
1.18633 0.00151513 0.000203983
1.58198 0.000585809 7.0314e-05
1.9793 0.00012745 1.51594e-05
2.37749 3.50232e-05 5.5386e-06
2.84727 8.00501e-06 1.8128e-06
3.50435 1.16047e-06 4.53311e-07
---------40-60%---------
0.794727 0.0175405 0.00307208
1.18779 0.00709427 0.000650502
1.58369 0.00241104 0.000183997
1.98105 0.000780146 5.31909e-05
2.37939 0.000196629 1.54178e-05
2.85137 4.37662e-05 4.28247e-06
3.51128 6.76045e-06 1.17308e-06
4.36084 2.59492e-07 1.52434e-07
---------30-40%---------
0.795117 0.030712 0.00515412
1.18818 0.0162045 0.00138564
1.58408 0.00614552 0.000428664
1.98154 0.00201571 0.000129106
2.37988 0.000559958 3.94968e-05
2.85247 0.000107711 9.77181e-06
3.51309 1.41181e-05 2.56971e-06
4.3634 5.79258e-07 4.33126e-07
---------20-30%---------
0.795801 0.0532145 0.00747376
1.18906 0.024113 0.00167341
1.58516 0.0105024 0.000594883
1.98267 0.00372866 0.000194141
2.38105 0.00111671 6.00425e-05
2.85503 0.000227964 1.53729e-05
3.51743 3.34279e-05 3.78136e-06
4.36975 1.22566e-06 5.02793e-07
---------10-20%---------
0.795996 0.0682496 0.00803995
1.18936 0.03957 0.00251587
1.58545 0.0166879 0.000833833
1.98296 0.00538993 0.000234853
2.38135 0.00160694 7.67398e-05
2.85569 0.000447455 2.29623e-05
3.51855 4.24608e-05 4.65695e-06
4.3714 2.73761e-06 8.36665e-07
---------5-10%---------
0.795996 0.0981763 0.016203
1.18936 0.0533918 0.00417066
1.58545 0.0198012 0.00127254
1.98301 0.00755605 0.00043087
2.38135 0.0023965 0.000150835
2.8558 0.000537471 3.7824e-05
3.51875 6.37805e-05 8.12142e-06
4.37164 3.25453e-06 1.23987e-06
---------0-5%---------
0.795801 0.117732 0.0171161
1.18916 0.0658174 0.00481384
1.58516 0.0273194 0.00166146
1.98271 0.010359 0.000557875
2.38105 0.00261715 0.000157802
2.85507 0.000613817 4.31873e-05
3.51748 8.36379e-05 1.02762e-05
4.36981 4.12735e-06 1.53235e-06
