---------60-80%---------
0.789014 0.00240365 0.000569856
1.18042 0.000812706 0.000120412
1.57529 0.000173876 3.18376e-05
1.97212 2.82993e-05 9.96993e-06
---------40-60%---------
0.791504 0.0116978 0.00180619
1.18359 0.00565194 0.000502525
1.57896 0.00147169 0.000119792
1.97603 0.000278066 2.97235e-05
2.37407 7.09208e-05 1.11842e-05
---------30-40%---------
0.791504 0.037511 0.00577827
1.18359 0.0154132 0.00128935
1.57891 0.00447636 0.000349419
1.97598 0.000901845 7.97436e-05
2.37402 0.000227877 2.92622e-05
2.83979 2.00599e-05 5.57472e-06
---------20-30%---------
0.792481 0.0655411 0.00884479
1.18486 0.0311793 0.00223157
1.58037 0.00764771 0.000456042
1.97754 0.0022613 0.000148901
2.37563 0.000472197 4.60447e-05
2.84331 6.54309e-05 1.08948e-05
---------10-20%---------
0.79209 0.123166 0.0156219
1.18433 0.0550816 0.0031954
1.57974 0.0152295 0.000735466
1.97686 0.00398461 0.000201944
2.37495 0.000712962 5.77297e-05
2.84181 0.000118694 1.51502e-05
---------5-10%---------
0.792676 0.16844 0.0234038
1.18506 0.0700591 0.00568377
1.58062 0.0221317 0.00135985
1.97778 0.0053054 0.000342733
2.37593 0.00120311 0.000115526
2.8439 0.000197539 2.95724e-05
---------0-5%---------
0.792871 0.19677 0.0266434
1.1853 0.0858681 0.00561707
1.58086 0.0282226 0.00148143
1.97803 0.00774508 0.000445205
2.37622 0.00158216 0.000134379
2.84448 0.000211661 3.54103e-05
