---------60-80%---------
0.787109 0.000312223 0.000174437
1.17803 8.16981e-05 3.05227e-05
---------40-60%---------
0.789941 0.00116142 0.000375708
1.18164 0.000449812 8.32225e-05
1.57671 9.73113e-05 2.16942e-05
1.97363 1.92812e-05 7.73377e-06
---------30-40%---------
0.794336 0.0020445 0.000646261
1.18721 0.00109196 0.000189614
1.58301 0.000346541 6.20841e-05
1.98032 9.82986e-05 2.18894e-05
2.37856 2.93019e-05 9.43879e-06
---------20-30%---------
0.794629 0.00388166 0.000984693
1.1876 0.00135758 0.000200211
1.5835 0.000707854 9.60185e-05
1.98086 0.000159337 3.07844e-05
2.37915 4.38203e-05 1.23495e-05
---------10-20%---------
0.793457 0.00657972 0.00130245
1.18613 0.00301039 0.000345754
1.58184 0.000956437 0.000116407
1.9791 0.000282341 4.19644e-05
2.37729 5.44509e-05 1.6813e-05
---------5-10%---------
0.794141 0.0101897 0.00258767
1.18691 0.00474714 0.000634871
1.58271 0.00163718 0.000228569
1.98008 0.000546439 8.29054e-05
2.37832 0.000101015 2.93041e-05
---------0-5%---------
0.794043 0.013736 0.00292072
1.18682 0.00528481 0.000691412
1.58257 0.00179964 0.000230686
1.97988 0.000565778 9.29443e-05
2.37812 0.000134834 3.44825e-05
