---------60-80%---------
0.499121 0.0158316 0.00538876
0.696924 0.0100056 0.00171913
0.89541 0.00511423 0.000722117
1.09429 0.00239458 0.000277871
1.29346 0.00109942 0.000137913
1.49282 0.000573009 7.39517e-05
1.69233 0.000151499 2.47616e-05
1.89194 5.57438e-05 1.24789e-05
2.1991 1.35332e-05 3.16843e-06
---------40-60%---------
0.499902 0.0548858 0.0140194
0.697949 0.0311303 0.00412984
0.896582 0.0173631 0.00195372
1.09561 0.0101877 0.000960739
1.29487 0.0054238 0.000505809
1.49434 0.00251451 0.000208549
1.6939 0.00105628 9.7391e-05
1.89355 0.000593642 5.32756e-05
2.20847 0.000141772 1.13125e-05
2.70605 1.86131e-05 2.98723e-06
3.20453 1.66428e-06 6.14648e-07
---------30-40%---------
0.500098 0.0772801 0.0269173
0.698145 0.0529259 0.00729696
0.896875 0.0370962 0.00409865
1.0959 0.0196181 0.00196817
1.29517 0.0113467 0.00100229
1.49463 0.00662188 0.000507379
1.69424 0.00255404 0.000214958
1.8939 0.00114718 0.000102717
2.21045 0.000361048 2.601e-05
2.7081 1.94956e-05 4.62006e-06
3.2066 4.02132e-06 1.87148e-06
---------20-30%---------
0.500293 0.100884 0.0266385
0.698438 0.0678476 0.00807102
0.897168 0.0503891 0.00443511
1.09624 0.0308632 0.00234179
1.29556 0.0176702 0.0012696
1.49502 0.00926811 0.000639
1.69463 0.00523176 0.000365295
1.89434 0.00204779 0.000146083
2.21307 0.000667183 3.90784e-05
2.71075 7.56778e-05 9.07651e-06
3.20929 5.4161e-06 2.59034e-06
---------10-20%---------
0.500391 0.122169 0.0247367
0.698633 0.0938031 0.00935222
0.897363 0.0644933 0.00508024
1.09648 0.0426039 0.00275816
1.2958 0.0280233 0.00168174
1.49531 0.0149656 0.000842568
1.69492 0.00695261 0.000425412
1.89463 0.00381537 0.00022728
2.21472 0.0010777 5.1318e-05
2.71246 0.00011948 1.15645e-05
3.21106 2.03617e-05 3.65767e-06
---------5-10%---------
0.500586 0.134248 0.0374315
0.698828 0.0931679 0.0111333
0.897656 0.0781721 0.00736591
1.09678 0.056123 0.00461578
1.29609 0.0324123 0.00246656
1.49561 0.0201035 0.00144568
1.69526 0.00999789 0.000660424
1.89497 0.00485358 0.000354624
2.2168 0.00159796 8.92556e-05
2.7146 0.000196341 2.22453e-05
3.2132 1.3639e-05 6.16413e-06
---------0-5%---------
0.500586 0.158075 0.0361654
0.698731 0.138023 0.0135876
0.897559 0.10383 0.00811339
1.09668 0.0686305 0.0047169
1.296 0.0428564 0.00260209
1.49551 0.0267607 0.00158922
1.69517 0.0133021 0.000780158
1.89482 0.00645118 0.000410624
2.21619 0.00191872 0.000102327
2.71399 0.000257133 2.62352e-05
3.21255 4.0183e-05 8.02008e-06
