#---------60-80%---------
0.500293 0.133691 0.0319056
0.698438 0.0821627 0.00819295
0.897119 0.0460043 0.00376934
1.09619 0.0279452 0.00205972
1.29551 0.0135622 0.000912341
1.49497 0.00704686 0.000446675
1.69458 0.00416902 0.000263229
1.89429 0.00204801 0.000129331
2.21265 0.000600925 2.72308e-05
2.71039 0.000130324 8.17469e-06
3.20889 2.04289e-05 2.2893e-06
3.70789 2.28962e-06 9.06431e-07
#---------40-60%---------
0.500586 0.429139 0.0720313
0.698828 0.276333 0.0197264
0.897559 0.184241 0.0101629
1.09668 0.108502 0.0054275
1.29604 0.0669734 0.00303046
1.49556 0.0362471 0.00149762
1.69517 0.0189703 0.000740911
1.89487 0.00973043 0.00038935
2.21631 0.00372688 0.000100967
2.71411 0.000715137 2.22483e-05
3.21271 0.000137795 6.56016e-06
3.71173 3.05587e-05 2.5984e-06
4.35501 3.52634e-06 5.81323e-07
#---------30-40%---------
0.500781 0.661723 0.108231
0.699023 0.606964 0.0437237
0.897754 0.42961 0.0242318
1.09697 0.243978 0.0117896
1.29629 0.149275 0.00635441
1.4958 0.0973891 0.00409637
1.69546 0.0481638 0.00188391
1.89517 0.0286561 0.00111476
2.21814 0.00983039 0.000264075
2.71594 0.0020933 6.10436e-05
3.21454 0.000423809 1.77688e-05
3.71359 7.90975e-05 6.08633e-06
4.36115 1.2189e-05 1.52768e-06
#---------20-30%---------
0.500781 1.11149 0.149811
0.699023 0.929755 0.0545384
0.897852 0.645025 0.0294123
1.09697 0.420017 0.0153723
1.29639 0.261556 0.00914513
1.4959 0.150747 0.00476739
1.69551 0.0851324 0.00265712
1.89521 0.046297 0.00139612
2.21857 0.0168772 0.00034388
2.71643 0.00344829 8.10531e-05
3.21503 0.000707152 2.38362e-05
3.71408 0.000150565 8.44632e-06
4.36273 2.06623e-05 2.01953e-06
#---------10-20%---------
0.500781 1.60426 0.187947
0.699121 1.21314 0.0628374
0.897949 0.974743 0.0375951
1.09707 0.63423 0.0211414
1.29648 0.404235 0.0125333
1.496 0.230811 0.00653912
1.69565 0.133571 0.00368839
1.89536 0.0734367 0.00195565
2.21936 0.0270214 0.000517704
2.71722 0.00537695 0.000114386
3.21582 0.00112327 3.24317e-05
3.7149 0.00021974 1.14011e-05
4.36542 2.52248e-05 2.39987e-06
#---------5-10%---------
0.500781 2.30134 0.314407
0.699121 1.68598 0.109184
0.897949 1.28329 0.0630728
1.09717 0.847015 0.0360377
1.29648 0.543768 0.0205625
1.49604 0.342179 0.0122368
1.6957 0.191005 0.00640167
1.89541 0.0995463 0.00323802
2.21954 0.037447 0.000862105
2.71741 0.00723086 0.000191377
3.216 0.00150393 5.49892e-05
3.71509 0.000266407 1.75715e-05
4.36597 3.5977e-05 4.07938e-06
#---------0-5%---------
0.500879 2.54823 0.326998
0.699219 1.88896 0.107804
0.898047 1.42865 0.0644415
1.09717 1.05863 0.0399395
1.29658 0.669013 0.0226919
1.49609 0.41837 0.0132425
1.69575 0.250799 0.00771391
1.89546 0.127011 0.00375794
2.21997 0.0454878 0.000908067
2.71783 0.00875462 0.000228041
3.21649 0.00159707 6.48292e-05
3.71552 0.000359567 2.21992e-05
4.36749 4.09047e-05 4.60608e-06
