#---------60-80%---------
0.500195 0.0668379 0.0142275
0.698242 0.0428243 0.00414703
0.896875 0.0251498 0.00214813
1.09595 0.0149649 0.00106958
1.29526 0.00656111 0.000470858
1.49473 0.00341408 0.000219006
1.69429 0.00196816 0.000137531
1.89399 0.000817546 5.81389e-05
2.21094 0.000272496 1.47331e-05
2.70862 4.88727e-05 4.28227e-06
3.20709 5.78152e-06 1.32201e-06
#---------40-60%---------
0.500391 0.23481 0.0343893
0.698633 0.138157 0.0100227
0.897363 0.0943769 0.00579242
1.09644 0.0532897 0.00279135
1.2958 0.031864 0.00151363
1.49526 0.0161459 0.000719057
1.69487 0.00891857 0.000400953
1.89458 0.00458372 0.000197538
2.21448 0.00146466 4.89654e-05
2.71222 0.000254805 1.0901e-05
3.21075 4.52493e-05 3.52554e-06
3.70975 9.13249e-06 1.39239e-06
#---------30-40%---------
0.500586 0.346657 0.0609378
0.698828 0.242699 0.0183762
0.897656 0.179284 0.0102864
1.09678 0.117334 0.00580666
1.29609 0.066914 0.00302707
1.49561 0.0393437 0.00165169
1.69526 0.0225679 0.0009493
1.89497 0.0113606 0.000465233
2.2168 0.00372197 0.000109618
2.7146 0.000751475 2.77472e-05
3.2132 0.000151324 9.14451e-06
3.71222 2.70505e-05 3.49748e-06
4.35669 2.36536e-06 6.93238e-07
#---------20-30%---------
0.500684 0.480636 0.0644703
0.698926 0.373546 0.023221
0.897754 0.265176 0.0129108
1.09687 0.176165 0.00703384
1.29619 0.111629 0.00422861
1.4957 0.0622414 0.00211884
1.69536 0.0379538 0.00134268
1.89507 0.0181568 0.000626056
2.21747 0.00612615 0.000158056
2.71527 0.00121476 3.89045e-05
3.21387 0.000235549 1.1967e-05
3.71292 4.12797e-05 4.35039e-06
4.35895 5.41395e-06 1.05603e-06
#---------10-20%---------
0.500781 0.598576 0.072588
0.699023 0.480972 0.024704
0.897852 0.356051 0.014749
1.09707 0.252076 0.00900103
1.29644 0.160752 0.00508152
1.496 0.100646 0.00309261
1.69561 0.055892 0.00160807
1.89531 0.0282215 0.00082228
2.21906 0.010014 0.000212293
2.71692 0.00191345 5.3131e-05
3.21552 0.00038751 1.67093e-05
3.71454 7.43739e-05 6.21828e-06
4.36429 6.77788e-06 1.18472e-06
#---------5-10%---------
0.500781 0.791319 0.142146
0.699023 0.624271 0.042407
0.897949 0.498469 0.0260614
1.09707 0.325296 0.0148866
1.29648 0.209355 0.00826511
1.496 0.135854 0.00526006
1.69561 0.0687962 0.00247537
1.89536 0.0376602 0.0013711
2.21924 0.0136891 0.000380876
2.7171 0.00253353 9.12923e-05
3.2157 0.00047103 2.79114e-05
3.71472 0.000106833 1.03337e-05
4.3649 7.27817e-06 2.06618e-06
#---------0-5%---------
0.500977 0.727054 0.117759
0.699219 0.680029 0.0441824
0.898047 0.50959 0.0256601
1.09727 0.386377 0.0159734
1.29668 0.257158 0.00952057
1.49619 0.158894 0.0054365
1.69585 0.0949131 0.0031164
1.89556 0.0491465 0.00160479
2.22052 0.0172251 0.000409963
2.71838 0.00348781 0.000105204
3.21704 0.000667294 3.26414e-05
3.71613 9.98168e-05 1.1365e-05
4.36945 1.23056e-05 2.44892e-06
