#---------60-80%---------
0.499609 0.163196 0.0561814
0.69751 0.0970236 0.0152632
0.896094 0.0478607 0.00619507
1.09502 0.027107 0.00311381
1.29424 0.0124848 0.00124331
1.49365 0.0064686 0.000607902
1.69321 0.0028165 0.000305241
1.89287 0.00119514 0.000118018
2.20441 0.000234751 1.76405e-05
2.7019 3.29246e-05 4.22285e-06
3.20032 3.56209e-06 9.43719e-07
#---------40-60%---------
0.500098 0.497821 0.128168
0.698145 0.305457 0.0438107
0.896777 0.204104 0.0224757
1.09585 0.110966 0.00996676
1.29512 0.0609774 0.00582576
1.49458 0.0309561 0.00249822
1.69414 0.0142828 0.00100673
1.89385 0.00683226 0.000517024
2.21008 0.00187052 9.22986e-05
2.7077 0.000274496 1.73914e-05
3.20618 2.75295e-05 3.18266e-06
3.70517 1.21396e-06 5.60634e-07
#---------30-40%---------
0.500195 1.13535 0.350749
0.698291 0.767704 0.0980247
0.896973 0.481389 0.0521066
1.09609 0.275244 0.0242517
1.29536 0.164782 0.0127541
1.49482 0.0802504 0.00655092
1.69443 0.038848 0.00259327
1.89409 0.0206235 0.00155511
2.21167 0.00551831 0.000265936
2.70935 0.000815066 4.65268e-05
3.20789 0.000108028 9.88212e-06
3.70685 1.23479e-05 2.71859e-06
#---------20-30%---------
0.500391 1.27489 0.368642
0.698438 1.26468 0.135899
0.897217 0.809963 0.0667433
1.09629 0.443187 0.0302616
1.29561 0.255392 0.0162579
1.49512 0.148125 0.00950677
1.69473 0.0732311 0.00431088
1.89438 0.0376324 0.00214052
2.21344 0.0107806 0.000408094
2.71115 0.00166711 8.5657e-05
3.20969 0.000244277 1.54228e-05
3.70868 2.50059e-05 4.04408e-06
#---------10-20%---------
0.500391 2.23357 0.422021
0.698535 1.85433 0.175364
0.897266 1.23106 0.0857955
1.09639 0.762883 0.0424246
1.2957 0.442001 0.0228671
1.49521 0.23365 0.0115073
1.69482 0.129298 0.00615549
1.89448 0.0619064 0.00285967
2.21405 0.018603 0.000567616
2.71173 0.00272718 0.000101554
3.2103 0.000362533 2.32042e-05
3.70929 5.22589e-05 5.5206e-06
#---------5-10%---------
0.500391 3.27053 0.724681
0.698633 2.18891 0.233649
0.897363 1.69172 0.136796
1.09648 1.07283 0.0753956
1.2958 0.610606 0.0395709
1.49531 0.332002 0.0196077
1.69492 0.172938 0.00947099
1.89463 0.0896625 0.00513643
2.21478 0.0272672 0.00105946
2.71252 0.00402135 0.000178992
3.21106 0.000544346 3.61312e-05
3.71008 8.61341e-05 1.10894e-05
#---------0-5%---------
0.500391 3.56027 0.673661
0.698633 2.9022 0.250758
0.897363 2.13292 0.13862
1.09648 1.26979 0.0716033
1.2958 0.792568 0.0411302
1.49531 0.423136 0.0197042
1.69492 0.236267 0.010723
1.89463 0.107694 0.00473058
2.21472 0.0340994 0.00102553
2.71246 0.00498954 0.000190844
3.21103 0.000628757 4.49727e-05
3.71002 8.08502e-05 1.05847e-05
