---------60-80%---------
0.499121 0.0050367 0.00176232
0.696924 0.00214539 0.000594553
0.89541 0.0014339 0.000296546
1.09429 0.000504389 0.000125121
1.29346 0.000306515 7.81153e-05
1.49282 0.000110406 3.43623e-05
1.69233 4.16561e-05 1.64757e-05
---------40-60%---------
0.499609 0.0134204 0.00377228
0.697559 0.00901178 0.00112255
0.896143 0.00502431 0.000552495
1.09512 0.00311015 0.000292754
1.29434 0.001477 0.000149967
1.4938 0.000810121 8.68831e-05
1.69331 0.000294981 4.16266e-05
1.89297 0.000104414 2.33585e-05
2.20502 2.13442e-05 4.98035e-06
---------30-40%---------
0.499805 0.0266474 0.00672836
0.697754 0.0160665 0.00219165
0.896387 0.00970047 0.00101607
1.09541 0.00629581 0.0006329
1.29463 0.00352823 0.00032784
1.49409 0.00177023 0.000192264
1.69365 0.000718051 9.71469e-05
1.89331 0.000273 5.49887e-05
2.20697 3.06932e-05 1.39267e-05
---------20-30%---------
0.5 0.0318363 0.00731265
0.698047 0.0232901 0.00275234
0.896728 0.016177 0.00142841
1.0958 0.00892653 0.0007742
1.29507 0.0058925 0.000481809
1.49453 0.00283439 0.000261713
1.69409 0.00116673 0.000146601
1.89375 0.000407512 6.96682e-05
2.20963 0.000121246 2.314e-05
---------10-20%---------
0.500391 0.0225561 0.00634145
0.698633 0.027647 0.00281529
0.897363 0.0202506 0.00169102
1.09644 0.0116778 0.00098684
1.2958 0.00874838 0.000611735
1.49526 0.00434043 0.000344919
1.69487 0.00229639 0.000201812
1.89458 0.000953133 0.000106056
2.21448 0.000248424 2.77761e-05
---------5-10%---------
0.500586 0.0204934 0.0104601
0.698828 0.0300164 0.00519994
0.897559 0.0221336 0.00287958
1.09668 0.0164893 0.00174709
1.29604 0.00975215 0.00109568
1.49556 0.00630333 0.000643941
1.69517 0.00292682 0.000350034
1.89487 0.00128347 0.000197899
2.21637 0.000373371 5.37176e-05
2.71414 4.46592e-05 1.59022e-05
---------0-5%---------
0.500781 0.0315546 0.0114352
0.699023 0.0311759 0.00513685
0.897852 0.0243802 0.00302592
1.09697 0.0171934 0.00189999
1.29634 0.0115024 0.00126106
1.49585 0.00739059 0.000714661
1.69551 0.00327571 0.000388154
1.89521 0.00193809 0.00024049
2.21832 0.000539007 6.74347e-05
2.71613 7.7698e-05 2.12564e-05
