---------60-80%---------
0.299316 0.327196 0.0673382
0.495117 0.174403 0.0204915
0.693311 0.0740471 0.00566626
0.892432 0.0289713 0.00193684
1.09199 0.0117262 0.000733916
1.29177 0.00403325 0.000262911
1.49165 0.00132893 0.000101855
1.6916 0.000660332 5.92867e-05
1.8916 0.000181853 2.30692e-05
2.19974 4.80974e-05 6.73702e-06
---------40-60%---------
0.299805 1.1666 0.20296
0.495752 0.598012 0.0637824
0.693994 0.284908 0.0199355
0.893115 0.125514 0.00778621
1.09263 0.056243 0.00320774
1.29233 0.0220746 0.00124516
1.49216 0.00743984 0.00044187
1.69204 0.00303854 0.000194923
1.89194 0.00116334 7.96991e-05
2.20111 0.000225719 1.47772e-05
2.70065 1.66258e-05 3.35463e-06
---------30-40%---------
0.3 2.1921 0.415299
0.496045 1.3529 0.130998
0.694336 0.634691 0.0435427
0.893506 0.258552 0.0154373
1.09302 0.126994 0.00694221
1.29272 0.0477152 0.0026598
1.49258 0.019799 0.00114648
1.69243 0.00799712 0.00050723
1.89238 0.00304606 0.000214092
2.20343 0.000693715 4.02298e-05
2.703 6.68875e-05 8.6724e-06
3.20276 7.16244e-06 2.40092e-06
---------20-30%---------
0.300098 3.18903 0.469226
0.496191 2.05329 0.176395
0.694531 1.03934 0.055406
0.893701 0.479088 0.0243066
1.09321 0.19402 0.00926694
1.29297 0.0806871 0.00378241
1.49277 0.0359585 0.00170866
1.69268 0.0156735 0.0008128
1.89258 0.00606185 0.000344441
2.20468 0.0013282 6.03052e-05
2.70422 0.00013628 1.37986e-05
3.20398 1.66511e-05 4.04943e-06
---------10-20%---------
0.300195 5.73628 0.765788
0.496289 2.95197 0.193471
0.69458 1.55765 0.0717185
0.89375 0.715362 0.0283067
1.09331 0.32548 0.0117379
1.29302 0.1394 0.005006
1.49287 0.0566052 0.00205174
1.69272 0.0243541 0.000954337
1.89268 0.0100382 0.000419178
2.20508 0.00231835 8.10647e-05
2.70465 0.00020729 1.70731e-05
3.20441 2.21924e-05 5.12777e-06
---------5-10%---------
0.300195 6.36448 0.947687
0.496289 4.18105 0.365244
0.694629 2.07381 0.126849
0.893799 0.98676 0.049533
1.09336 0.432419 0.0203135
1.29307 0.186338 0.008719
1.49292 0.0759609 0.00362661
1.69277 0.0301594 0.00139597
1.89272 0.012387 0.000629554
2.20544 0.00317974 0.000137924
2.70502 0.000389135 3.55154e-05
3.20477 4.3557e-05 9.6905e-06
---------0-5%---------
0.300195 8.08358 1.07692
0.496338 4.8735 0.381972
0.694678 2.70281 0.143887
0.893848 1.25581 0.0583146
1.09341 0.549034 0.0241807
1.29312 0.238091 0.00974245
1.49297 0.0963692 0.00402252
1.69282 0.0405661 0.00182822
1.89277 0.0177104 0.000857378
2.20569 0.00428876 0.000167502
2.70526 0.000421496 3.88069e-05
3.20502 4.45747e-05 1.0506e-05
