---------60-80%---------
0.794043 0.00641909 0.00171038
1.18682 0.00230913 0.000290245
1.58257 0.000710729 7.66945e-05
1.97988 0.000234755 2.46516e-05
2.37812 5.88889e-05 7.7796e-06
2.84866 1.09459e-05 2.06915e-06
3.50674 9.93504e-07 4.13113e-07
---------40-60%---------
0.795117 0.0254158 0.00447633
1.18818 0.0123286 0.00116606
1.58413 0.00402199 0.000267552
1.98154 0.00127065 7.90471e-05
2.37988 0.000386318 2.53125e-05
2.8525 8.57813e-05 6.47092e-06
3.51313 8.36188e-06 1.38443e-06
4.36353 3.98158e-07 2.23667e-07
---------30-40%---------
0.795606 0.0631304 0.0097664
1.18887 0.0288412 0.00251775
1.58486 0.0112819 0.000759854
1.98232 0.00349 0.000209622
2.38066 0.00121886 7.4572e-05
2.8543 0.000227365 1.59971e-05
3.51616 3.4946e-05 3.92691e-06
4.36786 1.56491e-06 5.84937e-07
---------20-30%---------
0.795703 0.0850184 0.0116273
1.18906 0.0441939 0.00305275
1.58511 0.0190586 0.00102189
1.98262 0.00636432 0.000311358
2.38096 0.00193861 9.44252e-05
2.85488 0.000399104 2.15278e-05
3.51719 5.44027e-05 4.75413e-06
4.36938 3.45793e-06 9.17079e-07
---------10-20%---------
0.796094 0.168701 0.0204299
1.18945 0.0775065 0.00486665
1.58555 0.0319562 0.00149587
1.98306 0.009519 0.000383955
2.38145 0.00333447 0.000140222
2.85591 0.000795654 3.5428e-05
3.51895 0.000100418 7.5447e-06
4.37189 6.33161e-06 1.51511e-06
---------5-10%---------
0.795996 0.183959 0.0282202
1.18936 0.0996429 0.00816766
1.58545 0.038515 0.00224929
1.98301 0.015449 0.000847836
2.38135 0.00419152 0.000219715
2.85576 0.00106436 6.14821e-05
3.51865 0.000121591 1.25605e-05
4.37152 6.09961e-06 2.2536e-06
---------0-5%---------
0.796094 0.238551 0.0333703
1.18945 0.125271 0.00892106
1.58555 0.0559418 0.00312545
1.98311 0.0181699 0.000865022
2.38149 0.00575445 0.0002885
2.85605 0.00122721 6.73048e-05
3.51914 0.000199504 1.68685e-05
4.37219 1.366e-05 3.46498e-06
