---------60-80%---------
0.790332 0.00467931 0.00156543
1.18203 0.0012574 0.000182918
1.57715 0.000314118 4.36798e-05
1.97412 5.44765e-05 9.80083e-06
2.37207 1.48231e-05 4.07584e-06
2.83569 1.95949e-06 8.89221e-07
---------40-60%---------
0.791699 0.0203892 0.00433062
1.18389 0.00799663 0.000898959
1.57925 0.00214385 0.000187479
1.97632 0.000489372 4.22909e-05
2.37441 9.90972e-05 1.08931e-05
2.8406 1.68396e-05 2.7061e-06
3.49346 7.9861e-07 4.02631e-07
---------30-40%---------
0.792871 0.0448456 0.0101592
1.18535 0.0218237 0.00282287
1.58091 0.006016 0.000527385
1.97813 0.00174155 0.000147135
2.37627 0.000381867 3.49652e-05
2.84467 6.18002e-05 7.57236e-06
3.5001 3.45077e-06 1.49864e-06
---------20-30%---------
0.793067 0.0874306 0.0148418
1.1856 0.0366917 0.00346408
1.58115 0.0126123 0.000923787
1.97842 0.00320704 0.000205817
2.37656 0.000801123 5.67299e-05
2.84525 0.000123738 1.15097e-05
3.50107 6.93513e-06 1.89885e-06
---------10-20%---------
0.793652 0.121613 0.0174952
1.18633 0.0555877 0.00400883
1.58203 0.020256 0.00115061
1.97935 0.00563649 0.000297823
2.37754 0.00135957 7.67883e-05
2.84741 0.00023099 1.61516e-05
3.50459 1.84594e-05 3.15612e-06
---------5-10%---------
0.793652 0.245439 0.04436
1.18633 0.0859621 0.00797253
1.58203 0.0304231 0.00210766
1.97935 0.00716981 0.000431137
2.37754 0.00200877 0.000136262
2.84738 0.000400052 3.37027e-05
3.50459 2.61376e-05 5.05602e-06
---------0-5%---------
0.793457 0.25693 0.0397085
1.18613 0.116374 0.00914474
1.58179 0.036889 0.00216714
1.97905 0.0100242 0.000535915
2.37725 0.00258542 0.000154797
2.84675 0.000444268 3.75225e-05
3.50352 2.745e-05 7.11187e-06
