#---------60-80%---------
0.499414 0.163889 0.0473158
0.697314 0.092518 0.0110862
0.89585 0.0480668 0.00452521
1.09478 0.0246308 0.00201382
1.29399 0.0109032 0.000864762
1.49341 0.00512941 0.000376747
1.69292 0.00201245 0.000158341
1.89258 0.000911928 7.88072e-05
2.2027 0.000181072 1.63215e-05
2.70016 7.54999e-06 2.53361e-06
#---------40-60%---------
0.499805 0.650655 0.148693
0.697852 0.340292 0.0341818
0.896484 0.225391 0.0188854
1.09551 0.124932 0.00852849
1.29473 0.0569911 0.00345254
1.49419 0.0285058 0.0015964
1.69375 0.0130654 0.000728033
1.89341 0.00568809 0.000334327
2.20752 0.00149953 6.69794e-05
2.70511 0.000161972 1.22624e-05
3.20355 1.49824e-05 3.01194e-06
#---------30-40%---------
0.500098 1.08798 0.314136
0.698145 0.808137 0.0864389
0.896777 0.515863 0.0421887
1.0958 0.301318 0.02088
1.29512 0.168077 0.0106526
1.49458 0.0765807 0.00429658
1.69414 0.0394495 0.00228993
1.89385 0.0173309 0.0010514
2.21002 0.00483959 0.000195212
2.70764 0.000589929 3.54042e-05
3.20615 5.91883e-05 8.26156e-06
#---------20-30%---------
0.500195 1.84286 0.402469
0.698242 1.32319 0.111046
0.896924 0.898556 0.0595132
1.096 0.517306 0.029121
1.29526 0.281626 0.0157082
1.49473 0.138308 0.0068815
1.69434 0.0713939 0.00342664
1.89399 0.032451 0.00153232
2.21109 0.00928269 0.000309377
2.70874 0.00121605 5.57502e-05
3.20724 0.000122105 1.22603e-05
#---------10-20%---------
0.500195 2.6489 0.458157
0.69834 1.99651 0.147849
0.89707 1.34975 0.0754318
1.09609 0.790967 0.0351018
1.29541 0.43632 0.0182214
1.49487 0.235486 0.00909033
1.69448 0.129124 0.00496659
1.89414 0.056274 0.00208106
2.21201 0.0156059 0.000401317
2.70969 0.00217723 7.55484e-05
3.20819 0.000242975 1.79235e-05
3.70718 2.42705e-05 4.56273e-06
#---------5-10%---------
0.500293 3.43068 0.737453
0.698438 2.73327 0.245377
0.897119 1.78793 0.12131
1.09619 1.13866 0.0652783
1.29551 0.661656 0.0342558
1.49497 0.333711 0.0158042
1.69458 0.176431 0.00849596
1.89424 0.0846844 0.00407189
2.21265 0.0234202 0.000746596
2.71033 0.00296031 0.000134759
3.20886 0.000365415 3.08645e-05
3.70786 4.54491e-05 8.88477e-06
#---------0-5%---------
0.500293 4.44178 0.814994
0.698438 3.09767 0.226092
0.897168 2.28813 0.130031
1.09624 1.43538 0.0710251
1.29556 0.805875 0.0396522
1.49502 0.446494 0.0190756
1.69463 0.215418 0.00896485
1.89434 0.10712 0.00433041
2.21295 0.0295638 0.000831701
2.71063 0.0040029 0.000151988
3.20917 0.000418592 3.52248e-05
3.70813 5.54037e-05 1.06162e-05
