---------60-80%---------
0.791211 0.000729769 0.000266298
1.18325 0.000293471 5.72768e-05
1.57852 7.38826e-05 1.52458e-05
1.97559 1.64181e-05 4.64958e-06
---------40-60%---------
0.791992 0.00286048 0.000686219
1.18428 0.00129979 0.000172323
1.57969 0.000374482 4.45588e-05
1.97681 7.67969e-05 1.13035e-05
2.3749 1.8984e-05 3.80715e-06
---------30-40%---------
0.793262 0.00727767 0.00157422
1.18584 0.00336782 0.000409049
1.58149 0.0010203 0.000115489
1.97871 0.000306778 3.42278e-05
2.3769 5.89342e-05 1.03378e-05
2.84602 1.22921e-05 2.98022e-06
---------20-30%---------
0.793945 0.0102887 0.00207857
1.18672 0.00570498 0.000550838
1.58252 0.00172026 0.000144351
1.97979 0.000591794 5.30884e-05
2.37803 0.000121167 1.51437e-05
2.84847 2.38873e-05 4.40494e-06
---------10-20%---------
0.794238 0.0190648 0.00298863
1.18711 0.00801237 0.000636989
1.58291 0.00309805 0.000213468
1.98027 0.000934752 6.76229e-05
2.37852 0.000224528 2.21129e-05
2.84946 4.0418e-05 6.12492e-06
---------5-10%---------
0.793945 0.0262515 0.0045843
1.18672 0.011905 0.00117982
1.58247 0.00429311 0.000374939
1.97979 0.00112121 0.000105163
2.37803 0.000276771 3.46034e-05
2.84836 6.05429e-05 1.0819e-05
---------0-5%---------
0.794629 0.0253344 0.00439807
1.1877 0.0158263 0.0013756
1.5835 0.00469241 0.000368088
1.98091 0.00136063 0.000116265
2.3792 0.000417134 4.97217e-05
2.851 9.16945e-05 1.53628e-05
