#---------60-80%---------
0.79043 0.00373807 0.000351825
1.18223 0.00111345 8.76511e-05
1.57734 0.000303384 2.09036e-05
1.97432 6.94786e-05 6.88216e-06
2.37231 1.61672e-05 2.57238e-06
2.83617 1.75282e-06 5.51493e-07
3.48628 -1.02362e-07 -9.78697e-08
#---------40-60%---------
0.793067 0.0177244 0.00110235
1.1856 0.00707307 0.000277912
1.5812 0.00222418 8.94479e-05
1.97842 0.000596998 2.58788e-05
2.37656 0.000136395 1.19059e-05
2.84529 2.30514e-05 2.16654e-06
3.50112 2.26616e-06 5.33431e-07
#---------30-40%---------
0.793555 0.0466796 0.00285645
1.18628 0.0204962 0.000860775
1.58193 0.00641566 0.000231258
1.97925 0.00185547 6.77395e-05
2.37744 0.000447457 2.46862e-05
2.84716 8.9551e-05 6.10598e-06
3.5042 7.13326e-06 1.23074e-06
#---------20-30%---------
0.794141 0.0808894 0.00444398
1.18701 0.0349074 0.00120697
1.58281 0.0123427 0.000327219
1.98018 0.00347123 0.000107543
2.37842 0.000977618 3.96625e-05
2.84928 0.000165589 8.98401e-06
3.50776 1.485e-05 1.80249e-06
#---------10-20%---------
0.794531 0.11614 0.0053516
1.1875 0.0556569 0.00181526
1.5833 0.0204511 0.000644753
1.98066 0.00609911 0.00014326
2.37896 0.00162277 4.96765e-05
2.85049 0.000311486 1.37462e-05
3.50977 3.05139e-05 2.80576e-06
#---------5-10%---------
0.794727 0.173045 0.0116572
1.18779 0.0753637 0.00271025
1.58369 0.0291111 0.000828809
1.98105 0.00899689 0.000289606
2.37935 0.00233326 0.000136675
2.85137 0.000443743 3.26572e-05
3.51118 3.79372e-05 5.4108e-06
#---------0-5%---------
0.794824 0.207922 0.0138778
1.18789 0.099247 0.00317118
1.58379 0.0396646 0.00109743
1.9812 0.0113001 0.000336068
2.37949 0.0030465 0.000131115
2.85159 0.000634526 3.73408e-05
3.51167 4.2619e-05 5.85609e-06
