#---------60-80%---------
0.299512 0.396545 0.0190498 0.0170385
0.495459 0.226881 0.00647869 0.00566072
0.69375 0.094813 0.0020552 0.00244007
0.893018 0.0403696 0.000834793 0.000747393
1.09268 0.0166831 0.000366902 0.000262144
1.29253 0.00702347 0.000178039 0.000108074
1.49248 0.00279719 8.10789e-05 5.16471e-05
1.69253 0.00116556 4.21348e-05 2.05082e-05
1.89258 0.000433588 2.00963e-05 1.34993e-05
2.13363 0.000176365 8.60095e-06 4.14956e-06
2.43392 4.38565e-05 3.59787e-06 1.26197e-06
2.77236 9.69423e-06 1.29304e-06 6.57941e-07
3.17314 1.88619e-06 5.09297e-07 1.32799e-07
3.60984 1.88649e-07 1.33488e-07 2.38543e-08
#---------40-60%---------
0.299756 1.41311 0.050929 0.0601835
0.495801 0.842788 0.017815 0.0208709
0.694141 0.413677 0.00689113 0.0106519
0.893408 0.180196 0.00277695 0.00331882
1.09307 0.080662 0.00131495 0.001252
1.29297 0.0337884 0.000598593 0.000507187
1.49292 0.0150894 0.000304985 0.000280454
1.69297 0.00628824 0.000143302 0.000109267
1.89307 0.00282516 7.45202e-05 5.33122e-05
2.13469 0.00104402 2.73506e-05 2.51826e-05
2.43502 0.000282185 1.05838e-05 9.05944e-06
2.77432 7.51584e-05 3.75121e-06 3.84815e-06
3.1751 1.38929e-05 1.47712e-06 1.00656e-06
3.61283 2.52532e-06 5.07592e-07 3.30232e-07
#---------30-40%---------
0.299902 3.02765 0.104657 0.129147
0.495947 1.8429 0.0368509 0.0458545
0.694336 0.940231 0.0145915 0.0242616
0.893603 0.424356 0.00612355 0.00786414
1.09326 0.193157 0.0029052 0.00305452
1.29316 0.0826965 0.00136478 0.00123582
1.49312 0.0377792 0.000714835 0.000789588
1.69316 0.0167003 0.00035982 0.000279145
1.89321 0.00719795 0.000177746 0.000143579
2.13506 0.00277611 6.85407e-05 6.08863e-05
2.43539 0.000817162 2.79337e-05 2.29124e-05
2.7749 0.000191981 9.09256e-06 1.10087e-05
3.17568 4.48029e-05 3.79734e-06 3.15438e-06
3.61362 7.84982e-06 1.45086e-06 1.77526e-06
#---------20-30%---------
0.3 4.51996 0.12687 0.193639
0.496094 2.83483 0.0457799 0.0701622
0.694482 1.44997 0.0180566 0.0372849
0.89375 0.699752 0.00823641 0.0129365
1.09346 0.320383 0.0039791 0.00518015
1.29331 0.140562 0.00188734 0.00208788
1.49331 0.065061 0.00100542 0.00125633
1.69331 0.0285929 0.000505116 0.000498042
1.89336 0.0128387 0.000262905 0.000284097
2.13539 0.00486212 0.000100541 0.000106032
2.43568 0.00155788 4.50096e-05 4.33654e-05
2.77539 0.000392484 1.40522e-05 1.92903e-05
3.17612 8.27101e-05 5.55201e-06 6.22814e-06
3.61426 1.56358e-05 1.89053e-06 2.0418e-06
#---------10-20%---------
0.3 6.40003 0.149422 0.271971
0.496143 4.14013 0.0549362 0.102351
0.694531 2.29839 0.0242316 0.0592513
0.893848 1.08847 0.0106712 0.0201156
1.09351 0.495933 0.00505521 0.00778713
1.29336 0.221266 0.00249441 0.00344233
1.49336 0.103014 0.00134076 0.0018922
1.69336 0.045005 0.000657802 0.000909401
1.89346 0.020307 0.000356535 0.000416556
2.1355 0.00764854 0.000136654 0.00018863
2.43579 0.00231608 5.92351e-05 7.20684e-05
2.77559 0.000637385 2.19649e-05 3.11679e-05
3.17632 0.000136231 8.18395e-06 1.00057e-05
3.61454 2.83548e-05 2.93136e-06 3.60287e-06
#---------5-10%---------
0.3 8.62162 0.275543 0.368459
0.496143 5.59199 0.0980371 0.137817
0.694531 3.06929 0.0422549 0.0792398
0.893848 1.47144 0.0188538 0.0276062
1.09351 0.688361 0.0091574 0.0111162
1.29336 0.307764 0.0045677 0.00478615
1.49336 0.13577 0.00229465 0.00298637
1.69336 0.0607747 0.00118969 0.00112958
1.89341 0.0272418 0.000642977 0.000550506
2.1355 0.010121 0.00024059 0.00032853
2.43579 0.00311235 0.00010868 0.000118887
2.77559 0.000858133 3.8831e-05 4.97636e-05
3.17627 0.000187186 1.50812e-05 1.7669e-05
3.61448 3.70014e-05 5.35616e-06 6.8941e-06
#---------0-5%---------
0.300049 11.1721 0.336403 0.478696
0.496191 6.84883 0.110219 0.171599
0.69458 3.74026 0.0460608 0.0963725
0.893848 1.82414 0.021042 0.0344672
1.09355 0.852404 0.0103947 0.0133157
1.29341 0.386805 0.00523318 0.00640189
1.49341 0.171488 0.00266995 0.00337499
1.69341 0.0779428 0.0014437 0.00167855
1.89346 0.0342356 0.000780183 0.000736549
2.13557 0.0136202 0.000313779 0.00029361
2.43586 0.00401192 0.000146302 0.000118466
2.77568 0.00107153 4.8042e-05 5.21779e-05
3.17642 0.000220007 1.84138e-05 1.66576e-05
3.61466 3.91195e-05 6.34798e-06 7.30062e-06
