#---------60-80%---------
0.790137 0.00107178 0.000175513
1.18184 0.000316466 3.33227e-05
1.5769 7.57746e-05 9.42415e-06
1.97383 1.85171e-05 3.26829e-06
2.37178 2.92366e-06 1.04952e-06
2.83507 1.19989e-06 4.64703e-07
3.48452 0 nan
#---------40-60%---------
0.792969 0.00446782 0.000391312
1.1855 0.00173961 9.02759e-05
1.58105 0.000543377 3.61169e-05
1.97827 0.000139431 1.2867e-05
2.37646 3.20421e-05 3.72085e-06
2.845 5.85349e-06 1.02828e-06
3.50068 2.85969e-07 1.6525e-07
#---------30-40%---------
0.794141 0.00938206 0.000781178
1.18701 0.00507696 0.000256709
1.58281 0.00165515 7.87229e-05
1.98018 0.000419885 3.22156e-05
2.37842 0.000114479 1.00305e-05
2.84924 2.21955e-05 3.05004e-06
3.50767 1.55871e-06 5.5211e-07
#---------20-30%---------
0.794922 0.0177772 0.00185723
1.18799 0.00737999 0.000293696
1.58389 0.00306543 0.000147078
1.9813 0.00091725 4.07505e-05
2.37959 0.000218025 1.91006e-05
2.85188 4.24181e-05 4.22312e-06
3.51211 2.79669e-06 8.00435e-07
#---------10-20%---------
0.795215 0.0294426 0.00223526
1.18838 0.0132379 0.000494938
1.58433 0.00444448 0.000205516
1.98179 0.00149842 5.90967e-05
2.38008 0.000365496 2.01362e-05
2.85298 7.39367e-05 5.99076e-06
3.51396 7.67144e-06 1.37313e-06
#---------5-10%---------
0.795313 0.0326984 0.0028974
1.18848 0.0162199 0.000854809
1.58447 0.00665237 0.000300996
1.98193 0.00207603 0.000144168
2.38027 0.000541706 3.90839e-05
2.85334 0.000115354 1.14897e-05
3.51455 8.16021e-06 2.09754e-06
#---------0-5%---------
0.795703 0.0368864 0.00378483
1.18896 0.0209689 0.00092523
1.58496 0.00846302 0.00036984
1.98247 0.00275747 0.000162864
2.38081 0.000759823 6.18147e-05
2.85452 0.00012206 1.22402e-05
3.5166 1.35761e-05 2.99725e-06
