#---------60-80%---------
0.303223 0.707402 0.714225
0.499707 0.131364 0.0112633
0.697656 0.0711965 0.0026639
0.896191 0.0383079 0.00117135
1.09521 0.0200583 0.000589647
1.29443 0.00981717 0.000294137
1.49385 0.00471307 0.000150834
1.69341 0.00201662 7.15444e-05
1.89307 0.000927088 3.62574e-05
2.20554 0.000263056 9.00198e-06
2.70306 3.17293e-05 2.07941e-06
3.20148 5.28193e-06 7.19503e-07
3.70044 1.34372e-07 1.91304e-07
4.32074 1.31063e-07 6.01451e-08
#---------40-60%---------
0.303516 0.693761 0.327681
0.500195 0.517098 0.0337072
0.698242 0.312045 0.00891776
0.896924 0.191097 0.00448304
1.096 0.106693 0.00234672
1.29531 0.0587208 0.00131979
1.49473 0.0288759 0.000665736
1.69434 0.0140952 0.00033287
1.89404 0.00727471 0.000187219
2.21118 0.00211063 4.02353e-05
2.70886 0.000318297 8.85359e-06
3.20734 4.82333e-05 3.66181e-06
3.7063 5.95141e-06 7.58916e-07
4.33813 3.70272e-07 1.14218e-07
#---------30-40%---------
0.303711 0.855788 0.263501
0.500488 0.96026 0.0584757
0.698633 0.662386 0.0178239
0.897363 0.458859 0.0106399
1.09648 0.259262 0.00534633
1.2958 0.155732 0.00338972
1.49531 0.0833646 0.00187778
1.69492 0.0412767 0.000911632
1.89463 0.0205387 0.000494246
2.21484 0.00642617 0.0001115
2.71259 0.00103973 2.40792e-05
3.21112 0.00015982 6.61871e-06
3.71014 2.27277e-05 2.13209e-06
4.35004 1.87089e-06 4.17024e-07
#---------20-30%---------
0.303906 0.66558 0.326387
0.500586 1.59553 0.08145
0.698828 1.06855 0.0237966
0.897559 0.722947 0.0135719
1.09673 0.456607 0.00823355
1.29609 0.268777 0.00503903
1.49561 0.145337 0.0027608
1.69521 0.0774751 0.00145507
1.89492 0.0394691 0.000758406
2.21649 0.0123317 0.000175884
2.71429 0.00191666 3.50149e-05
3.21289 0.000312022 9.89395e-06
3.71191 4.25375e-05 3.0582e-06
4.35565 2.28833e-06 4.72924e-07
#---------10-20%---------
0.303906 6.17578 2.54356
0.500781 2.38887 0.102276
0.699023 1.58358 0.0398995
0.897949 1.11958 0.0178373
1.09707 0.715114 0.01072
1.29648 0.448813 0.00763796
1.496 0.250683 0.00410662
1.69561 0.13116 0.00216558
1.89531 0.0652789 0.0010829
2.21918 0.0211113 0.000264027
2.71704 0.00334921 4.93118e-05
3.21564 0.000525001 1.27829e-05
3.71469 7.62747e-05 4.92043e-06
4.36475 6.96652e-06 1.2882e-06
#---------5-10%---------
0.303906 4.38637 1.69967
0.500781 2.85307 0.157274
0.699023 2.15932 0.0552753
0.897949 1.4768 0.0296285
1.09707 1.00517 0.0200072
1.29648 0.592669 0.0122485
1.496 0.335577 0.00633408
1.69561 0.179713 0.00372442
1.89531 0.0931262 0.00202924
2.21912 0.0288516 0.000416486
2.71698 0.00474774 9.21952e-05
3.21558 0.000679265 2.33037e-05
3.71466 9.68191e-05 6.98689e-06
4.36456 9.49742e-06 1.45828e-06
#---------0-5%---------
0.303906 10.3405 3.84141
0.500977 3.28195 0.176942
0.699219 2.53381 0.060108
0.898047 1.93368 0.034926
1.09727 1.23779 0.0224996
1.29668 0.762951 0.0146068
1.49619 0.420773 0.00774138
1.6958 0.230935 0.00420476
1.89551 0.122961 0.00235872
2.2204 0.0370385 0.000555429
2.71832 0.00596063 0.000119956
3.21692 0.000900059 2.62484e-05
3.716 0.000143547 8.5551e-06
4.36908 9.61983e-06 1.45043e-06
