#---------60-80%---------
0.303125 0.0450327 0.0286437
0.499512 0.0225775 0.00247067
0.697363 0.0136442 0.000661753
0.895898 0.00697735 0.000291173
1.09482 0.00344505 0.000141782
1.29404 0.00169767 8.97182e-05
1.49346 0.000757225 4.61977e-05
1.69299 0.000285101 1.79563e-05
1.89263 0.000124909 1.07306e-05
2.203 2.54986e-05 3.42095e-06
2.7005 2.66089e-06 6.58163e-07
3.19888 3.92229e-07 2.00334e-07
3.69781 -2.13107e-09 -4.55601e-10
4.31329 -4.23532e-11 -1.19063e-11
#---------40-60%---------
0.303516 0.12834 0.0693386
0.500098 0.0744053 0.00560285
0.698145 0.0446212 0.00157467
0.896777 0.0267873 0.000991359
1.09585 0.0156026 0.000532857
1.29512 0.00832575 0.000253086
1.49458 0.00418366 0.000133781
1.69419 0.00194788 6.9627e-05
1.89385 0.000952506 4.04584e-05
2.21014 0.000274816 1.07742e-05
2.70779 3.5153e-05 2.72998e-06
3.2063 3.58277e-06 7.63622e-07
3.70526 4.29721e-07 2.06326e-07
4.33493 8.13225e-08 4.93981e-08
#---------30-40%---------
0.303711 0.0193958 0.107523
0.500488 0.119634 0.00961638
0.698633 0.0822802 0.00333942
0.897363 0.0554164 0.00197481
1.09648 0.0326547 0.00113105
1.2958 0.0190493 0.000727084
1.49531 0.0102166 0.000300731
1.69492 0.00561169 0.000178464
1.89463 0.00254211 8.91543e-05
2.21484 0.000782964 2.7197e-05
2.71259 0.000108242 8.08134e-06
3.21118 1.55388e-05 2.08829e-06
3.71014 8.48043e-07 6.77411e-07
4.3501 2.85822e-08 9.95043e-08
#---------20-30%---------
0.303906 0.4225 0.229548
0.500781 0.15869 0.0104357
0.699023 0.115737 0.00432295
0.897949 0.0787887 0.00306214
1.09707 0.0501132 0.00182075
1.29648 0.0289135 0.00104355
1.496 0.0173382 0.000652149
1.69561 0.00897433 0.000284383
1.89531 0.00429427 0.000133529
2.21918 0.00130996 3.53309e-05
2.71704 0.000182614 9.51859e-06
3.21564 2.0275e-05 2.83757e-06
3.71472 4.00909e-06 1.03653e-06
4.36481 2.43176e-07 1.53254e-07
#---------10-20%---------
0.304297 0.505347 0.161857
0.501172 0.174547 0.0141822
0.699512 0.138888 0.00605471
0.898438 0.101013 0.00407021
1.09766 0.0702428 0.00238686
1.29707 0.0427106 0.00200182
1.49663 0.0259602 0.00101523
1.69629 0.0142506 0.000434981
1.896 0.0066873 0.000183442
2.22333 0.00207413 5.33089e-05
2.72131 0.000316447 1.29351e-05
3.21997 4.21713e-05 3.92407e-06
3.71906 7.63878e-06 1.51255e-06
4.37952 6.39521e-07 2.70478e-07
#---------5-10%---------
0.304297 0.492203 0.184736
0.501172 0.211388 0.0193886
0.699609 0.186191 0.00915852
0.898438 0.144322 0.00655558
1.09766 0.0927301 0.00418959
1.29707 0.0594516 0.00365254
1.49668 0.0353645 0.00119174
1.69634 0.0196732 0.000619636
1.89609 0.009725 0.000313871
2.22363 0.00319056 8.40407e-05
2.72162 0.000439277 2.19891e-05
3.22028 6.855e-05 7.53229e-06
3.71936 3.4687e-06 2.09938e-06
4.38062 6.50863e-07 5.42212e-07
#---------0-5%---------
0.304297 -0.285411 -0.224056
0.501172 0.246793 0.0208635
0.699609 0.226142 0.00927654
0.898535 0.158078 0.00690244
1.09775 0.11112 0.0047157
1.29717 0.0745431 0.00388753
1.49678 0.0421181 0.00167286
1.69639 0.0249122 0.00109942
1.89614 0.0121516 0.000403589
2.22412 0.00359342 0.000174515
2.72211 0.000567575 2.65849e-05
3.22083 6.96375e-05 7.97654e-06
3.71991 1.69651e-05 3.33538e-06
4.38232 1.08852e-06 4.04437e-07
