---------60-80%---------
0.499121 9.98097e-05 2.37828e-05
0.696924 0.000194429 4.92403e-05
0.89541 0.000208849 3.91838e-05
1.09429 0.00010732 2.55116e-05
1.29346 6.6121e-05 1.62544e-05
1.49282 2.83382e-05 8.65702e-06
1.69233 1.2152e-05 4.75721e-06
---------40-60%---------
0.499609 0.00026183 3.79394e-05
0.697559 0.000791188 6.5901e-05
0.896143 0.000724766 5.89627e-05
1.09512 0.000599801 4.15192e-05
1.29434 0.000332931 2.74365e-05
1.4938 0.000197808 1.81637e-05
1.69331 8.77887e-05 1.15552e-05
1.89297 3.06715e-05 6.67342e-06
2.20502 7.08505e-06 1.63295e-06
---------30-40%---------
0.499805 0.000484454 7.31854e-05
0.697754 0.0014108 0.000116851
0.896387 0.00148442 0.000106397
1.09541 0.00115505 8.9062e-05
1.29463 0.00087262 6.46252e-05
1.49409 0.000448618 4.26854e-05
1.69365 0.000217059 2.72506e-05
1.89331 8.53282e-05 1.66253e-05
2.20697 9.78475e-06 4.42593e-06
---------20-30%---------
0.5 0.000506385 7.83136e-05
0.698047 0.0018714 0.000146906
0.896728 0.00243385 0.000145486
1.0958 0.00176048 0.000118139
1.29507 0.00128951 8.67006e-05
1.49453 0.000734026 5.97915e-05
1.69409 0.000323853 3.80743e-05
1.89375 0.000127255 2.10518e-05
2.20963 3.76116e-05 7.09377e-06
---------10-20%---------
0.500391 0.000421932 0.000100885
0.698633 0.0022953 0.000180716
0.897363 0.00283715 0.000190725
1.09644 0.00215249 0.000159761
1.2958 0.00195267 0.000117213
1.49526 0.00105814 7.51654e-05
1.69487 0.000610877 4.95439e-05
1.89458 0.000281471 2.99153e-05
2.21448 8.17514e-05 8.98584e-06
---------5-10%---------
0.500586 0.000357577 0.000164285
0.698828 0.00229444 0.00034866
0.897559 0.00290382 0.000339212
1.09668 0.0029229 0.000268164
1.29604 0.00205072 0.000210309
1.49556 0.00159037 0.000147779
1.69517 0.000802446 9.01617e-05
1.89487 0.000390648 5.82338e-05
2.21637 0.000120876 1.71016e-05
2.71414 1.52224e-05 5.4047e-06
---------0-5%---------
0.500781 0.000530143 0.000176881
0.699023 0.00250552 0.000372272
0.897852 0.00330017 0.000368942
1.09697 0.00311176 0.000314268
1.29634 0.00242327 0.000245485
1.49585 0.00186607 0.000166597
1.69551 0.000897336 0.00010151
1.89521 0.00052919 6.28141e-05
2.21832 0.000169149 2.08284e-05
2.71613 2.48557e-05 6.77582e-06
