---------60-80%---------
0.499414 0.00316848 0.000107907
0.697314 0.00896065 0.00016466
0.89585 0.00769775 0.000141121
1.09478 0.00492065 9.35124e-05
1.29399 0.00265329 6.04154e-05
1.49341 0.00124988 3.68251e-05
1.69292 0.000569824 2.30543e-05
1.89258 0.00025153 1.44743e-05
2.2027 5.41684e-05 4.13009e-06
2.70016 2.80855e-06 9.19057e-07
---------40-60%---------
0.499805 0.0116377 0.000288961
0.697852 0.0347758 0.000457622
0.896484 0.0343352 0.000355763
1.09551 0.0239278 0.000252933
1.29473 0.0142242 0.000159693
1.49419 0.0078633 9.27278e-05
1.69375 0.0039192 5.91284e-05
1.89341 0.00178643 3.72705e-05
2.20752 0.000489936 1.1114e-05
2.70511 5.59224e-05 3.423e-06
3.20355 5.28359e-06 1.03472e-06
---------30-40%---------
0.500098 0.0221139 0.00075347
0.698145 0.0743828 0.00114925
0.896777 0.0775161 0.000941049
1.0958 0.0587561 0.000642962
1.29512 0.0380318 0.000375694
1.49458 0.0212785 0.000235795
1.69414 0.0110997 0.000147113
1.89385 0.00542688 9.02736e-05
2.21002 0.00161372 2.7994e-05
2.70764 0.000201277 8.78965e-06
3.20615 2.17545e-05 2.76378e-06
---------20-30%---------
0.500195 0.0352718 0.000897866
0.698242 0.117595 0.00158928
0.896924 0.128661 0.00123394
1.096 0.0985979 0.00094373
1.29526 0.063864 0.000602194
1.49473 0.0369432 0.000362558
1.69434 0.0200214 0.000214437
1.89399 0.0100792 0.000133912
2.21109 0.00307168 4.19338e-05
2.70874 0.000419026 1.31338e-05
3.20724 4.64912e-05 4.21008e-06
---------10-20%---------
0.500195 0.046764 0.00140512
0.69834 0.168785 0.00218458
0.89707 0.189841 0.00190718
1.09609 0.153864 0.00135182
1.29541 0.104115 0.000850898
1.49487 0.0602865 0.000499745
1.69448 0.0335698 0.000293145
1.89414 0.0171667 0.000178929
2.21201 0.00522039 5.52154e-05
2.70969 0.000770984 1.78988e-05
3.20819 9.38246e-05 5.86718e-06
3.70718 1.04633e-05 1.89493e-06
---------5-10%---------
0.500293 0.0597179 0.00226645
0.698438 0.218486 0.00353821
0.897119 0.254254 0.00315156
1.09619 0.211272 0.00212675
1.29551 0.143962 0.00140198
1.49497 0.0858041 0.000861387
1.69458 0.0469662 0.000524601
1.89424 0.0239296 0.000314316
2.21265 0.00739418 9.83604e-05
2.71033 0.00103612 3.13185e-05
3.20886 0.00013055 1.01555e-05
3.70786 2.03822e-05 3.71127e-06
---------0-5%---------
0.500293 0.0721656 0.0020359
0.698438 0.260803 0.00366912
0.897168 0.312604 0.00313998
1.09624 0.258892 0.00237531
1.29556 0.177085 0.00156488
1.49502 0.108207 0.000952558
1.69463 0.0586155 0.000580547
1.89434 0.0304621 0.000359414
2.21295 0.00938157 0.000113462
2.71063 0.00133913 3.61667e-05
3.20917 0.000156086 1.17746e-05
3.70813 2.08217e-05 3.8724e-06
