---------60-80%---------
0.499609 0.00325124 0.000128925
0.69751 0.0091508 0.000209082
0.896094 0.00804796 0.000200232
1.09502 0.00546456 0.000117748
1.29424 0.00312029 6.91516e-05
1.49365 0.00156741 3.88966e-05
1.69321 0.000775337 2.11887e-05
1.89287 0.000345783 1.30723e-05
2.20441 9.2833e-05 3.83778e-06
2.7019 1.0787e-05 1.14022e-06
3.20032 1.63764e-06 3.91194e-07
---------40-60%---------
0.500098 0.0102606 0.000499732
0.698145 0.0328767 0.000798322
0.896777 0.0344339 0.000525145
1.09585 0.024305 0.000407073
1.29512 0.0153662 0.000211379
1.49458 0.00865305 0.000121452
1.69414 0.00458967 6.424e-05
1.89385 0.00222389 3.60687e-05
2.21008 0.000700096 1.03359e-05
2.7077 0.000101123 3.17739e-06
3.20618 1.26878e-05 1.00316e-06
3.70517 1.03645e-06 3.05661e-07
---------30-40%---------
0.500195 0.0225926 0.000790569
0.698291 0.074352 0.00147597
0.896973 0.0781241 0.00127441
1.09609 0.0594337 0.000949312
1.29536 0.038348 0.000598128
1.49482 0.022539 0.000323637
1.69443 0.0124784 0.000180645
1.89409 0.00637213 9.78017e-05
2.21167 0.00199987 3.02886e-05
2.70935 0.000312646 8.43903e-06
3.20789 4.00411e-05 2.66284e-06
3.70685 5.24278e-06 9.83567e-07
---------20-30%---------
0.500391 0.0300374 0.00138448
0.698438 0.108124 0.00219623
0.897217 0.12204 0.00179129
1.09629 0.0964291 0.00131231
1.29561 0.0650971 0.000784783
1.49512 0.0390494 0.000449885
1.69473 0.0215676 0.000254547
1.89438 0.01127 0.000140051
2.21344 0.00361103 4.35291e-05
2.71115 0.000579045 1.16269e-05
3.20969 8.50745e-05 3.88277e-06
3.70868 1.09073e-05 1.39442e-06
---------10-20%---------
0.500391 0.0444841 0.00136144
0.698535 0.163797 0.00222261
0.897266 0.18263 0.00207424
1.09639 0.151381 0.00148252
1.2957 0.10309 0.00099022
1.49521 0.0630012 0.000568601
1.69482 0.0353378 0.000331301
1.89448 0.018731 0.000184303
2.21405 0.00618259 5.56416e-05
2.71173 0.000992072 1.5693e-05
3.2103 0.000142706 5.25025e-06
3.70929 1.99648e-05 1.89139e-06
---------5-10%---------
0.500391 0.0543661 0.00243287
0.698633 0.195684 0.00503473
0.897363 0.232091 0.00444792
1.09648 0.19277 0.00337031
1.2958 0.135761 0.00213557
1.49531 0.0844245 0.0012205
1.69492 0.0480948 0.000697745
1.89463 0.0259714 0.000371211
2.21478 0.00821278 0.000113577
2.71252 0.00131877 2.78979e-05
3.21106 0.00019759 9.20837e-06
3.71008 2.66998e-05 3.17387e-06
---------0-5%---------
0.500391 0.0613206 0.00243784
0.698633 0.232716 0.00448953
0.897363 0.278914 0.00400516
1.09648 0.234967 0.00313404
1.2958 0.168781 0.00185924
1.49531 0.10541 0.00110694
1.69492 0.0599788 0.000637167
1.89463 0.0322479 0.000352405
2.21472 0.0104781 0.000111045
2.71246 0.00162121 3.06685e-05
3.21103 0.000238038 1.05107e-05
3.71002 3.45785e-05 3.78203e-06
