---------60-80%---------
0.499121 0.000299455 3.13343e-05
0.696924 0.000941633 5.29386e-05
0.89541 0.000827743 4.5397e-05
1.09429 0.000487781 2.7934e-05
1.29346 0.000271693 1.87331e-05
1.49282 0.000136672 1.09016e-05
1.69233 4.87456e-05 6.45875e-06
1.89194 1.90306e-05 3.92509e-06
2.1991 4.76754e-06 1.04397e-06
---------40-60%---------
0.499902 0.000967922 6.40378e-05
0.697949 0.00296386 0.000117943
0.896582 0.00275612 0.000101704
1.09561 0.00200823 6.73465e-05
1.29487 0.00131049 4.39081e-05
1.49434 0.000680567 2.68019e-05
1.6939 0.000350401 1.58575e-05
1.89355 0.000174578 9.50799e-06
2.20847 4.872e-05 2.91069e-06
2.70605 6.05449e-06 9.15623e-07
3.20453 7.36558e-07 2.63966e-07
---------30-40%---------
0.500098 0.00154375 0.000134724
0.698145 0.0050179 0.000258077
0.896875 0.00543281 0.000200442
1.0959 0.00394994 0.000170799
1.29517 0.00266471 0.000107142
1.49463 0.00168898 6.45532e-05
1.69424 0.000802339 3.90422e-05
1.8939 0.000385429 2.32421e-05
2.21045 0.000137684 7.6626e-06
2.7081 8.58015e-06 1.90601e-06
3.2066 1.67994e-06 7.69148e-07
---------20-30%---------
0.500293 0.00184719 0.00016387
0.698438 0.00621223 0.000311868
0.897168 0.00725129 0.000292992
1.09624 0.0061264 0.000204381
1.29556 0.00424586 0.000139339
1.49502 0.00254244 9.09877e-05
1.69463 0.00148499 5.44937e-05
1.89434 0.000696919 3.25757e-05
2.21307 0.000223495 1.03965e-05
2.71075 2.71589e-05 3.06459e-06
3.20929 2.02907e-06 9.65009e-07
---------10-20%---------
0.500391 0.00230279 0.000197675
0.698633 0.00796607 0.000364142
0.897363 0.00917527 0.000350677
1.09648 0.00817651 0.000267831
1.2958 0.00621842 0.000180674
1.49531 0.00401191 0.000114066
1.69492 0.00204163 7.08881e-05
1.89463 0.00112094 4.43916e-05
2.21472 0.000357031 1.38362e-05
2.71246 4.25451e-05 3.90859e-06
3.21106 7.89692e-06 1.37744e-06
---------5-10%---------
0.500586 0.00230113 0.000319206
0.698828 0.00796023 0.000631754
0.897656 0.011052 0.000584792
1.09678 0.010606 0.000429148
1.29609 0.00745051 0.000293459
1.49561 0.00496843 0.000193555
1.69526 0.00288321 0.000115767
1.89497 0.00148002 7.05016e-05
2.2168 0.000508729 2.2283e-05
2.7146 6.61524e-05 6.96519e-06
3.2132 4.67652e-06 2.09571e-06
---------0-5%---------
0.500586 0.00251921 0.000306673
0.698731 0.0104329 0.000537825
0.897559 0.0136582 0.000542444
1.09668 0.0120633 0.000434808
1.296 0.00918327 0.000310359
1.49551 0.00610955 0.000207565
1.69517 0.00353834 0.000130574
1.89482 0.00183582 8.20824e-05
2.21619 0.000583992 2.64193e-05
2.71399 8.2304e-05 8.06818e-06
3.21255 1.39197e-05 2.7233e-06
