---------60-80%---------
0.299609 0.0160304 0.000158435
0.495605 0.0316321 0.000173436
0.694092 0.0304504 0.000143732
0.893506 0.019554 0.000101493
1.09331 0.0103739 6.67752e-05
1.29331 0.00507962 4.29738e-05
1.49341 0.00235302 2.7278e-05
1.69355 0.00113681 1.79418e-05
1.8937 0.000549391 1.19074e-05
2.2132 0.000184229 4.06476e-06
2.7157 3.23731e-05 1.56868e-06
3.21796 7.9206e-06 7.0762e-07
3.72003 1.14193e-06 2.76435e-07
---------40-60%---------
0.3 0.0498505 0.000267961
0.496094 0.10562 0.000302465
0.69458 0.10878 0.000259041
0.893945 0.0743238 0.000188706
1.0937 0.041293 0.000127334
1.29365 0.0207234 8.33245e-05
1.4937 0.0101223 5.43362e-05
1.6938 0.00486224 3.55177e-05
1.8939 0.00239634 2.36229e-05
2.21399 0.000798568 7.95112e-06
2.71594 0.000138811 3.07721e-06
3.21783 3.12422e-05 1.32052e-06
3.7196 7.89622e-06 6.20313e-07
4.3916 9.93638e-07 1.45525e-07
---------30-40%---------
0.300195 0.0929584 0.000517996
0.496387 0.205966 0.000594514
0.694824 0.222263 0.000520806
0.894141 0.158342 0.000387247
1.0939 0.0902769 0.000265061
1.2938 0.0464026 0.000175492
1.49385 0.022533 0.000114638
1.6939 0.0109544 7.5356e-05
1.89395 0.00551635 5.05868e-05
2.21411 0.00176524 1.67757e-05
2.71582 0.000325016 6.60337e-06
3.21747 7.01203e-05 2.82674e-06
3.71899 1.5453e-05 1.23308e-06
4.38879 2.35704e-06 3.32537e-07
---------20-30%---------
0.300195 0.128496 0.000616648
0.496387 0.300427 0.000721546
0.694873 0.334129 0.000639686
0.894189 0.243587 0.000481361
1.09395 0.14094 0.000332059
1.29385 0.0731383 0.000221502
1.49385 0.0360826 0.000145938
1.6939 0.0173423 9.56812e-05
1.89395 0.00862446 6.38369e-05
2.21405 0.00274751 2.13039e-05
2.7157 0.000526295 8.3428e-06
3.21729 0.000102038 3.54837e-06
3.71875 2.45155e-05 1.56797e-06
4.38782 2.88369e-06 3.77024e-07
---------10-20%---------
0.300195 0.168928 0.000740671
0.496387 0.411005 0.000867814
0.694873 0.471479 0.000779648
0.894189 0.348622 0.000590723
1.0939 0.20508 0.00041118
1.2938 0.106522 0.000274674
1.4938 0.0521158 0.00018132
1.69385 0.0254686 0.000120275
1.89395 0.0124246 7.98647e-05
2.21387 0.00393984 2.6535e-05
2.71539 0.000725732 1.02839e-05
3.21692 0.000152569 4.32951e-06
3.71838 3.43013e-05 1.9183e-06
4.38641 4.5198e-06 4.64364e-07
---------5-10%---------
0.300293 0.2022 0.00120228
0.496533 0.49552 0.00139504
0.695019 0.586305 0.00126823
0.894336 0.442952 0.00096887
1.09399 0.260319 0.000675584
1.2939 0.135937 0.000454242
1.49385 0.0669965 0.000301712
1.69385 0.0319638 0.000198276
1.89395 0.0158238 0.000132398
2.21356 0.00494656 4.3599e-05
2.71478 0.000909983 1.68752e-05
3.21613 0.000159825 6.66657e-06
3.71741 3.80554e-05 3.09662e-06
4.38214 6.22595e-06 8.09812e-07
---------0-5%---------
0.300244 0.220558 0.00131486
0.496436 0.556105 0.00151638
0.694922 0.674101 0.00138196
0.894238 0.511558 0.00105877
1.09395 0.304559 0.000743342
1.2938 0.157725 0.000500155
1.4938 0.0772859 0.000331506
1.69385 0.0373461 0.000221465
1.8939 0.0180927 0.00014709
2.21338 0.00569975 4.85712e-05
2.71478 0.00102076 1.84252e-05
3.21619 0.000199663 7.39593e-06
3.71759 4.41259e-05 3.27116e-06
4.38318 6.71544e-06 8.70185e-07
