---------60-80%---------
0.500293 0.00276699 0.000139819
0.698438 0.0082585 0.000246745
0.897119 0.00788399 0.000217575
1.09619 0.00576831 0.000154363
1.29551 0.00350617 9.90131e-05
1.49497 0.00200936 6.03993e-05
1.69458 0.00117714 3.30502e-05
1.89429 0.000596509 2.02173e-05
2.21265 0.000215192 6.6287e-06
2.71039 4.28387e-05 2.14657e-06
3.20889 7.81522e-06 8.19367e-07
3.70789 8.17216e-07 3.19817e-07
---------40-60%---------
0.500586 0.00878305 0.000355983
0.698828 0.0280122 0.000668914
0.897559 0.031083 0.000521294
1.09668 0.0237491 0.00044413
1.29604 0.0164077 0.000282677
1.49556 0.010169 0.000170147
1.69517 0.00597682 9.87933e-05
1.89487 0.00329988 5.83691e-05
2.21631 0.00126579 1.88106e-05
2.71411 0.000258371 5.33663e-06
3.21271 4.99237e-05 1.99245e-06
3.71173 1.02953e-05 8.2398e-07
4.35501 1.23404e-06 2.00475e-07
---------30-40%---------
0.500781 0.015113 0.000790366
0.699023 0.0543052 0.00136934
0.897754 0.0638752 0.00119836
1.09697 0.0524274 0.000955408
1.29629 0.0378053 0.000630128
1.4958 0.0244537 0.00039423
1.69546 0.0145759 0.000240859
1.89517 0.00846203 0.000139865
2.21814 0.00316585 4.83542e-05
2.71594 0.000699004 1.30248e-05
3.21454 0.000141218 4.82056e-06
3.71359 2.79539e-05 1.96572e-06
4.36115 4.16232e-06 5.06894e-07
---------20-30%---------
0.500781 0.0218553 0.000834983
0.699023 0.0821119 0.00143515
0.897852 0.0954689 0.00141656
1.09697 0.0835002 0.0011069
1.29639 0.060931 0.000783541
1.4959 0.0406831 0.000494494
1.69551 0.0245841 0.000300741
1.89521 0.0143279 0.000179009
2.21857 0.00553843 5.89667e-05
2.71643 0.00117413 1.71783e-05
3.21503 0.000236818 6.28149e-06
3.71408 5.03936e-05 2.59773e-06
4.36273 6.4816e-06 6.1876e-07
---------10-20%---------
0.500781 0.0273287 0.00112037
0.699121 0.103036 0.00220071
0.897949 0.1306 0.00210305
1.09707 0.116457 0.00174923
1.29648 0.0881851 0.00119755
1.496 0.0598876 0.000759825
1.69565 0.0369148 0.000475758
1.89536 0.0220096 0.000275962
2.21936 0.00820313 9.615e-05
2.71722 0.00175799 2.49057e-05
3.21582 0.000354188 8.24777e-06
3.7149 6.9309e-05 3.34351e-06
4.36542 8.45254e-06 7.66129e-07
---------5-10%---------
0.500781 0.0340566 0.00151451
0.699121 0.128034 0.00307565
0.897949 0.166084 0.00284338
1.09717 0.149644 0.00243904
1.29648 0.116298 0.00167814
1.49604 0.0787855 0.00110546
1.6957 0.0492566 0.000681711
1.89541 0.0287717 0.000412567
2.21954 0.0109109 0.000144018
2.71741 0.00225486 3.94631e-05
3.216 0.00045208 1.35557e-05
3.71509 8.66062e-05 5.19302e-06
4.36597 1.12349e-05 1.24245e-06
---------0-5%---------
0.500879 0.0366247 0.00161121
0.699219 0.139771 0.00331871
0.898047 0.18079 0.00338606
1.09717 0.17442 0.00249353
1.29658 0.13595 0.00182174
1.49609 0.0933505 0.00118905
1.69575 0.0590597 0.000725884
1.89546 0.0342994 0.00045782
2.21997 0.0131591 0.000150219
2.71783 0.0026258 4.27947e-05
3.21649 0.000475358 1.71787e-05
3.71552 0.000102344 5.93149e-06
4.36749 1.20094e-05 1.32012e-06
