---------60-80%---------
0.500195 0.00142058 9.71443e-05
0.698242 0.00419236 0.000161169
0.896875 0.00395755 0.000138228
1.09595 0.00299944 8.94075e-05
1.29526 0.0017038 6.38617e-05
1.49473 0.0010038 3.46052e-05
1.69429 0.000525559 2.17751e-05
1.89399 0.000264267 1.25735e-05
2.21094 9.4607e-05 4.01889e-06
2.70862 1.68569e-05 1.34549e-06
3.20709 2.08308e-06 4.69156e-07
---------40-60%---------
0.500391 0.00422589 0.000200473
0.698633 0.0128598 0.000405532
0.897363 0.0138381 0.000357147
1.09644 0.010748 0.000276261
1.2958 0.00741135 0.000179057
1.49526 0.00454521 0.000104616
1.69487 0.00253237 6.22415e-05
1.89458 0.00144185 3.54381e-05
2.21448 0.000496594 1.19474e-05
2.71222 9.26597e-05 3.31337e-06
3.21075 1.62807e-05 1.19168e-06
3.70975 3.37499e-06 5.03919e-07
---------30-40%---------
0.500586 0.00660402 0.000390848
0.698828 0.0225109 0.000754403
0.897656 0.0267962 0.000678064
1.09678 0.0231524 0.000487642
1.29609 0.0160178 0.000341619
1.49561 0.0103763 0.000219861
1.69526 0.00617473 0.000126789
1.89497 0.00351572 7.66143e-05
2.2168 0.00125323 2.55722e-05
2.7146 0.000264545 7.68162e-06
3.2132 5.36757e-05 2.82566e-06
3.71222 9.73546e-06 1.1972e-06
4.35669 8.53156e-07 2.48618e-07
---------20-30%---------
0.500684 0.00876522 0.000450265
0.698926 0.0315638 0.000855942
0.897754 0.0376245 0.000840649
1.09687 0.0333295 0.000659588
1.29619 0.0251651 0.000456898
1.4957 0.0165639 0.000287635
1.69536 0.00992373 0.000182404
1.89507 0.00553929 0.000114515
2.21747 0.00200891 3.76627e-05
2.71527 0.000409001 1.08164e-05
3.21387 8.34104e-05 3.85484e-06
3.71292 1.41143e-05 1.45243e-06
4.35895 1.82489e-06 3.52172e-07
---------10-20%---------
0.500781 0.0101903 0.000542533
0.699023 0.0388706 0.00100274
0.897852 0.0491542 0.00097037
1.09707 0.0455458 0.000763728
1.29644 0.0355403 0.00053674
1.496 0.0236146 0.000367321
1.69561 0.0146928 0.000225119
1.89531 0.00833684 0.000139017
2.21906 0.00313166 4.72395e-05
2.71692 0.000609795 1.41191e-05
3.21552 0.000125697 4.98278e-06
3.71454 2.41588e-05 1.96492e-06
4.36429 2.30329e-06 3.99008e-07
---------5-10%---------
0.500781 0.0117979 0.000741633
0.699023 0.0452334 0.00156615
0.897949 0.0596493 0.00160721
1.09707 0.0547229 0.00132195
1.29648 0.0436545 0.000945241
1.496 0.0301397 0.000626881
1.69561 0.0188028 0.000388007
1.89536 0.0107984 0.00023858
2.21924 0.00401689 8.26487e-05
2.7171 0.000773327 2.35764e-05
3.2157 0.000145434 8.0301e-06
3.71472 3.3863e-05 3.1634e-06
4.3649 2.3646e-06 6.67385e-07
---------0-5%---------
0.500977 0.00984482 0.000911108
0.699219 0.0458233 0.00168436
0.898047 0.061292 0.00174182
1.09727 0.0610807 0.00137521
1.29668 0.0501815 0.000955193
1.49619 0.0350692 0.000655225
1.69585 0.0224112 0.000387721
1.89556 0.0129396 0.000246343
2.22052 0.00482101 8.30222e-05
2.71838 0.00101742 2.49672e-05
3.21704 0.000197975 8.93781e-06
3.71613 3.03652e-05 3.39928e-06
4.36945 3.76192e-06 7.41912e-07
