---------60-80%---------
0.299316 0.0129894 0.000235864
0.495117 0.0192151 0.000221846
0.693311 0.0145614 0.00016354
0.892432 0.00766948 0.000104855
1.09199 0.0032436 6.20224e-05
1.29177 0.00119173 3.50879e-05
1.49165 0.000438473 1.96599e-05
1.6916 0.000189633 1.2102e-05
1.8916 6.20264e-05 6.7936e-06
2.19974 1.36182e-05 1.81576e-06
---------40-60%---------
0.299805 0.043297 0.00040336
0.495752 0.0689658 0.000394164
0.693994 0.0575209 0.000303542
0.893115 0.0321319 0.000199818
1.09263 0.0145859 0.000121683
1.29233 0.00601293 7.2138e-05
1.49216 0.00235583 4.24153e-05
1.69204 0.000849868 2.45148e-05
1.89194 0.000368726 1.48785e-05
2.20111 7.10014e-05 3.87054e-06
2.70065 4.67459e-06 9.25981e-07
---------30-40%---------
0.3 0.089188 0.00081228
0.496045 0.146366 0.000798516
0.694336 0.126308 0.000623977
0.893506 0.0729911 0.000417085
1.09302 0.0350711 0.000261403
1.29272 0.0149877 0.000157542
1.49258 0.00604367 9.3603e-05
1.69243 0.00232979 5.52079e-05
1.89238 0.000861024 3.26971e-05
2.20343 0.000210798 9.64084e-06
2.703 2.13653e-05 2.66083e-06
3.20276 2.31833e-06 7.72777e-07
---------20-30%---------
0.300098 0.13041 0.00102129
0.496191 0.22332 0.00102004
0.694531 0.197968 0.000805587
0.893701 0.118778 0.00054893
1.09321 0.0571078 0.000344872
1.29297 0.0248773 0.000210143
1.49277 0.0108341 0.000129813
1.69268 0.00431666 7.74279e-05
1.89258 0.00168948 4.60166e-05
2.20468 0.000404495 1.37631e-05
2.70422 3.98868e-05 3.8424e-06
3.20398 5.11712e-06 1.23419e-06
---------10-20%---------
0.300195 0.184731 0.0012588
0.496289 0.324153 0.00124471
0.69458 0.298381 0.000996567
0.89375 0.180847 0.000682351
1.09331 0.0888577 0.000432913
1.29302 0.0393177 0.000266716
1.49287 0.0170371 0.000164586
1.69272 0.00701313 9.89041e-05
1.89268 0.0029837 6.18088e-05
2.20508 0.000672991 1.70952e-05
2.70465 6.54316e-05 5.16502e-06
3.20441 6.66993e-06 1.53263e-06
---------5-10%---------
0.300195 0.232598 0.00210948
0.496289 0.418243 0.00209447
0.694629 0.389831 0.0016859
0.893799 0.241173 0.00116533
1.09336 0.119565 0.000740529
1.29307 0.0534021 0.000457558
1.49292 0.0224828 0.000279561
1.69277 0.0096497 0.000175464
1.89272 0.00399444 0.000104785
2.20544 0.000959314 3.06841e-05
2.70502 0.000113161 9.72636e-06
3.20477 1.35642e-05 2.99063e-06
---------0-5%---------
0.300195 0.270813 0.00239229
0.496338 0.496698 0.00236997
0.694678 0.468362 0.00189917
0.893848 0.29109 0.00131339
1.09341 0.145416 0.000842639
1.29312 0.0650559 0.000518784
1.49297 0.0282925 0.000323643
1.69282 0.0115434 0.00020053
1.89277 0.00486894 0.000122956
2.20569 0.00128103 3.63047e-05
2.70526 0.000125148 1.10449e-05
3.20502 1.33493e-05 3.12558e-06
