---------60-80%---------
0.299414 0.0184869 0.000193973
0.495313 0.0276436 0.000184127
0.693604 0.0216621 0.000137747
0.892822 0.0114575 8.83323e-05
1.09246 0.00523899 5.40961e-05
1.29229 0.00211172 3.16644e-05
1.49226 0.000859968 1.90229e-05
1.69229 0.000348345 1.16403e-05
1.89233 0.00012637 6.41343e-06
2.20438 3.05275e-05 1.86305e-06
2.70569 3.37539e-06 5.61786e-07
---------40-60%---------
0.299902 0.0603529 0.000324482
0.495947 0.0964322 0.00031679
0.694238 0.0805937 0.000244292
0.893457 0.0457182 0.000162084
1.09302 0.0217728 0.000101198
1.29277 0.00953659 6.16949e-05
1.49268 0.00398026 3.72934e-05
1.69258 0.00166887 2.26205e-05
1.89258 0.00067834 1.38626e-05
2.20496 0.000175958 4.14178e-06
2.7052 1.54409e-05 1.15004e-06
3.20563 2.25527e-06 3.86178e-07
---------30-40%---------
0.300195 0.118747 0.000658082
0.496338 0.197072 0.000650236
0.694678 0.172716 0.00051221
0.893896 0.102484 0.000347412
1.09346 0.050176 0.000220309
1.29321 0.0225979 0.000136255
1.49307 0.00993556 8.41451e-05
1.69302 0.00419449 5.1602e-05
1.89297 0.00180036 3.20872e-05
2.20715 0.000462676 9.59605e-06
2.70718 5.51275e-05 2.98538e-06
3.2074 6.21245e-06 9.9022e-07
---------20-30%---------
0.300293 0.170916 0.00080102
0.496436 0.294489 0.00080095
0.694775 0.26535 0.000638241
0.893994 0.16112 0.000437884
1.09355 0.0802446 0.000279424
1.29331 0.0369756 0.000175051
1.49321 0.0160215 0.000108
1.69312 0.00708593 6.74761e-05
1.89307 0.00305325 4.21715e-05
2.20767 0.000828914 1.2864e-05
2.7077 9.37909e-05 3.96339e-06
3.20789 1.22953e-05 1.40832e-06
3.70813 1.62805e-06 4.73102e-07
---------10-20%---------
0.300195 0.234148 0.000966693
0.496387 0.42142 0.000978723
0.694727 0.389032 0.000783348
0.893945 0.241341 0.000542707
1.09355 0.122665 0.000350473
1.29336 0.0561538 0.000219097
1.49321 0.0246544 0.00013637
1.69316 0.01091 8.54191e-05
1.89312 0.00472884 5.36175e-05
2.20825 0.00132726 1.64505e-05
2.70856 0.000165323 5.57227e-06
3.20901 1.97502e-05 1.73206e-06
3.70953 1.94643e-06 5.07199e-07
---------5-10%---------
0.300293 0.291235 0.00163119
0.496484 0.534528 0.00162416
0.694824 0.501718 0.00130674
0.894043 0.317381 0.000911753
1.09365 0.161906 0.000587779
1.29341 0.0752859 0.000370602
1.49326 0.0331287 0.000230795
1.69316 0.0149356 0.000146799
1.89312 0.00659704 9.27601e-05
2.20813 0.00171089 2.81277e-05
2.70813 0.000231606 9.28193e-06
3.20834 2.71727e-05 3.05106e-06
3.70862 2.68654e-06 1.14156e-06
---------0-5%---------
0.300293 0.334909 0.00185404
0.496484 0.626096 0.00183981
0.694824 0.600058 0.00147942
0.894043 0.380141 0.00103188
1.0936 0.195886 0.000669115
1.29341 0.0899916 0.000419394
1.49326 0.0399025 0.000262739
1.69316 0.0172135 0.000165343
1.89312 0.0074189 0.000103806
2.20789 0.00209577 3.22764e-05
2.70782 0.000242708 1.0434e-05
3.20795 3.72459e-05 3.62833e-06
3.70813 2.53171e-06 1.23943e-06
